molar extinction coefficient	Wavenumber
	cm\+(-1)
37.5215961904762	3225.8064516129
-102.952528479762	3226.84737011939
-60.6896533333334	3227.88896061976
25.5246480357143	3228.93122376493
135.358462904762	3229.97416020672
-27.9606630357143	3231.01777059774
-65.2760100940476	3232.06205559147
-41.6189387857143	3233.10701584223
11.7394674047619	3234.15265200518
35.4693038333333	3235.19896473633
72.9748003452381	3236.24595469256
11.1823857142857	3237.29362253156
1.67459338095238	3238.34196891192
27.4680909761905	3239.39099449304
51.0666463976191	3240.44069993519
62.2771868809524	3241.49108589951
92.3907384285714	3242.54215304799
28.8192182857143	3243.59390204347
58.1828844047619	3244.64633354964
59.6093091547619	3245.69944823109
44.8219212142857	3246.75324675325
28.5126401904762	3247.8077297824
47.1691334880952	3248.86289798571
18.3280313452381	3249.9187520312
57.1568607440476	3250.97529258778
44.4749037619048	3252.0325203252
35.3215994047619	3253.09043591412
69.4547386309524	3254.14904002603
48.0844772261905	3255.20833333333
37.7090891785714	3256.26831650928
58.4118998142857	3257.32899022801
40.9457078571429	3258.39035516455
55.954915225	3259.45241199479
50.5405611190476	3260.5151613955
48.4387545476191	3261.57860404436
46.5507840833333	3262.6427406199
41.108254702381	3263.70757180157
49.1040703333333	3264.77309826967
46.8280498964286	3265.83932070542
50.6770409047619	3266.90623979092
48.1893940476191	3267.97385620915
43.9910661547619	3269.042170644
53.999902277381	3270.11118378025
46.6605071904762	3271.18089630357
46.4191699142857	3272.25130890052
49.2659297619048	3273.32242225859
46.7267918571429	3274.39423706614
51.5349076309524	3275.46675401245
50.0074964690476	3276.53997378768
52.7244349404762	3277.61389708292
48.1741325476191	3278.68852459016
47.4402847261905	3279.7638570023
52.6393708297619	3280.83989501312
51.5312111642857	3281.91663931736
48.3584878452381	3282.99409061064
54.0733015869048	3284.07224958949
54.016085125	3285.15111695138
44.0983622857143	3286.23069339468
49.0496955119048	3287.31097961867
57.9069667880952	3288.39197632358
49.4465353928572	3289.47368421053
54.1455988345238	3290.55610398157
53.360310952381	3291.6392363397
50.5529199880952	3292.72308198881
50.0838216869048	3293.80764163373
53.7694941785714	3294.89291598023
50.2174099285714	3295.978905735
52.0850565	3297.06561160567
58.2470608511905	3298.15303430079
54.8836996904762	3299.24117452986
51.0353927619048	3300.3300330033
54.8063267380953	3301.41961043249
48.3585820833333	3302.50990752972
49.8518979642857	3303.60092500826
51.9555461190476	3304.69266358229
49.9132954047619	3305.78512396694
55.8701709761905	3306.87830687831
51.3901490595238	3307.97221303341
54.9755724404762	3309.06684315023
54.2368030238095	3310.1621979477
51.7527417619048	3311.2582781457
53.4942462261905	3312.35508446506
51.9477873095238	3313.45261762757
52.2956739880952	3314.55087835598
52.8148264642857	3315.64986737401
54.3229370595238	3316.7495854063
52.7183525238095	3317.8500331785
52.3874558333333	3318.95121141719
54.3629772738095	3320.05312084993
51.6633569642857	3321.15576220525
51.2000727738095	3322.25913621263
52.1264149880952	3323.36324360253
51.5710495952381	3324.46808510638
52.109782	3325.5736614566
52.9054419285714	3326.67997338656
51.5715839880953	3327.78702163062
52.5216993333334	3328.8948069241
53.2020393452381	3330.00333000333
53.1386960952381	3331.1125916056
52.5734276428572	3332.22259246918
52.6428178333334	3333.33333333333
52.4932230357143	3334.44481493831
53.0734791309524	3335.55703802535
52.1564989285714	3336.67000333667
53.2600230357143	3337.78371161549
51.7230503095238	3338.89816360601
52.7510375238095	3340.01336005344
52.8920619285714	3341.12930170398
52.4084771071429	3342.24598930481
53.1522911904762	3343.36342360415
53.4427263571429	3344.48160535117
52.7387995	3345.60053529609
52.5484748571429	3346.72021419009
52.4026563452381	3347.8406427854
52.9743065714286	3348.96182183523
51.8793994047619	3350.0837520938
52.1893435714286	3351.20643431635
51.4960825595238	3352.32986925914
50.5755655476191	3353.45405767941
52.3970174047619	3354.57900033546
51.0805774285714	3355.70469798658
53.3629430476191	3356.83115139309
52.0515344285715	3357.95836131632
52.3105041904762	3359.08632851864
52.9549350714286	3360.21505376344
52.2253236547619	3361.34453781513
52.7206808333334	3362.47478143914
52.7628741785714	3363.60578540195
53.1039267261905	3364.73755047106
53.4534010833333	3365.87007741501
53.8459136428572	3367.00336700337
56.5643089761905	3368.13742000674
57.3201836666667	3369.27223719677
55.1220406547619	3370.40781934614
55.2793410357143	3371.54416722859
56.4274865952381	3372.68128161889
56.9682235714286	3373.81916329285
57.5617909285714	3374.95781302734
57.6208146071429	3376.09723160027
58.1089961547619	3377.23741979061
58.2197658928571	3378.37837837838
58.4366531666667	3379.52010814464
58.5947318690476	3380.66260987154
59.1023980357143	3381.80588434224
58.8681083214286	3382.949932341
59.4033482738095	3384.09475465313
59.6206945714286	3385.240352065
59.6629832619048	3386.38672536404
59.8817753333333	3387.53387533875
60.7689443452381	3388.68180277872
60.7403216904762	3389.83050847458
61.2875402261905	3390.97999321804
61.4495415714286	3392.1302578019
62.1259434285714	3393.28130302002
61.8231926190476	3394.43312966735
61.9141141071429	3395.5857385399
61.9108943928572	3396.73913043478
61.8795021666667	3397.89330615019
61.9001597857143	3399.04826648539
61.0845407380953	3400.20401224074
61.3155065119048	3401.36054421769
61.3440426904762	3402.51786321878
61.2723441547619	3403.67597004765
61.1783005238095	3404.83486550902
61.6553993452381	3405.99455040872
61.65149	3407.15502555366
61.9426170119048	3408.31629175188
62.0484928690476	3409.47834981248
61.9483291190476	3410.6412005457
61.797210952381	3411.80484476288
62.6237552976191	3412.96928327645
62.3684886428572	3414.13451689997
62.5808834166667	3415.30054644809
62.8122793809524	3416.46737273659
63.1235828095238	3417.63499658237
63.1116973690476	3418.80341880342
63.2887284880952	3419.97264021888
63.3324008571429	3421.14266164899
63.6614903452381	3422.31348391513
63.7617871309524	3423.48510783978
63.9845151428571	3424.65753424658
64.1900513928572	3425.83076396026
64.1639632619048	3427.00479780672
64.3860814761905	3428.17963661296
64.8743894285714	3429.35528120713
64.6933026309524	3430.53173241853
64.8884368809524	3431.70899107756
65.0779277619048	3432.88705801579
65.1268820714286	3434.06593406593
65.437968202381	3435.24562006184
65.5072608214286	3436.42611683849
65.7624919761905	3437.60742523204
65.6836133928572	3438.78954607978
65.8467988571429	3439.97248022016
65.9642253214286	3441.15622849277
65.9752060714286	3442.34079173838
66.0824345595238	3443.5261707989
66.4094596071429	3444.7123665174
66.4000310714286	3445.89937973811
66.5089736428572	3447.08721130645
66.6741148690476	3448.27586206897
66.8522591309524	3449.46533287341
66.8469616785714	3450.65562456867
66.8484030238095	3451.84673800483
66.9336656071429	3453.03867403315
67.1025587380953	3454.23143350605
67.2063723690476	3455.42501727713
67.0801205119048	3456.61942620118
67.1768494404762	3457.81466113416
67.15915875	3459.01072293324
67.2649924761905	3460.20761245675
67.199285452381	3461.40533056421
67.2328130714286	3462.60387811634
67.2105189761905	3463.80325597506
67.3320188690476	3465.00346500347
67.2532467261905	3466.20450606586
67.5285212857143	3467.40638002774
67.5922503571429	3468.60908775581
67.4550953809524	3469.81263011797
67.5824892142857	3471.01700798334
67.4486359880952	3472.22222222222
67.4830505714286	3473.42827370615
67.7838522380952	3474.63516330785
67.5363554880952	3475.84289190129
67.6142473214286	3477.05146036161
67.6655498809524	3478.26086956522
67.82761775	3479.4711203897
68.6985374047619	3480.68221371389
68.8240264761905	3481.89415041783
67.8123396190476	3483.10693138279
67.2889673809524	3484.32055749129
68.0929981071429	3485.53502962705
67.805399047619	3486.75034867504
67.8503553214286	3487.96651552145
68.1005640119048	3489.18353105373
69.3245835238095	3490.40139616056
70.585702952381	3491.62011173184
68.8201614761905	3492.83967865875
69.9435427261905	3494.06009783368
68.7704820714286	3495.2813701503
68.9126418095238	3496.5034965035
68.5919253571429	3497.72647778944
68.3795527619048	3498.95031490553
69.8913598333333	3500.17500875044
69.9906609880952	3501.40056022409
70.7871857142857	3502.62697022767
69.169407452381	3503.85423966363
70.4183731547619	3505.08236943568
70.0148576190476	3506.31136044881
70.4054853095238	3507.54121360926
71.0403945952381	3508.77192982456
71.4711267976191	3510.00351000351
71.0942737619048	3511.23595505618
70.6113209642857	3512.46926589392
70.2284808809524	3513.70344342938
70.5955815714286	3514.93848857645
70.2707406904762	3516.17440225035
70.3733103452381	3517.41118536757
70.8639089047619	3518.64883884588
71.5701663928571	3519.88736360437
71.0137099880953	3521.12676056338
71.3220797380952	3522.36703064459
71.1811662380953	3523.60817477097
71.0921450238095	3524.85019386676
69.9264219761905	3526.09308885755
70.4836455	3527.33686067019
70.6807399880953	3528.58151023289
72.4957812261905	3529.82703847512
72.6656278809524	3531.07344632768
71.6525972142857	3532.32073472271
71.8654266666667	3533.56890459364
72.8650994047619	3534.81795687522
71.8599273452381	3536.06789250354
71.2040102380952	3537.31871241599
72.0368343928571	3538.57041755131
71.4775796190476	3539.82300884956
72.8474220952381	3541.07648725213
72.9703566071429	3542.33085370174
73.1190311428572	3543.58610914245
70.7203078452381	3544.84225451967
72.1635208690476	3546.09929078014
73.2270911904762	3547.35721887194
72.2950767380952	3548.6160397445
74.3497340476191	3549.8757543486
71.4100541666667	3551.13636363636
74.9748732142857	3552.39786856128
73.7811836904762	3553.66027007818
71.2790748809524	3554.92356914326
72.9771596428572	3556.18776671408
70.9245957142857	3557.45286374956
71.4724263095238	3558.71886120997
74.3670654761905	3559.98576005696
72.5865364285715	3561.25356125356
73.0664602380953	3562.52226576416
72.8792023809524	3563.79187455453
71.6691925	3565.0623885918
75.2392269047619	3566.33380884451
72.4365845238096	3567.60613628256
75.0222022619048	3568.87937187723
72.7296408333333	3570.15351660121
74.9377267857143	3571.42857142857
76.4230354761905	3572.70453733476
74.9834059523809	3573.98141529664
74.5755398809524	3575.25920629246
77.1766795238096	3576.53791130186
75.9717432142857	3577.8175313059
75.1344398809524	3579.09806728704
77.0751386904762	3580.37952022914
76.4264236904762	3581.66189111748
75.226560952381	3582.94518093873
75.9356610714286	3584.229390681
77.3547483333333	3585.51452133381
75.5244422619048	3586.80057388809
76.0450782142857	3588.0875493362
76.1632053571429	3589.37544867193
75.61039	3590.66427289049
76.2746270238095	3591.95402298851
75.3547641666667	3593.24469996407
77.1337853571429	3594.53630481668
75.8218446428572	3595.82883854729
76.6916998809524	3597.12230215827
76.1279747619048	3598.41669665347
76.5940086904762	3599.71202303816
75.2415685714286	3601.00828231905
77.6258961904762	3602.30547550432
76.0210411904762	3603.6036036036
76.7373258333333	3604.90266762798
74.7607932142858	3606.20266858998
77.1569	3607.50360750361
75.4371995238095	3608.80548538434
77.9009646428572	3610.1083032491
77.3861294047619	3611.41206211629
78.3783339285715	3612.71676300578
77.5946392857143	3614.02240693892
77.7838485714285	3615.32899493854
78.3634683333333	3616.63652802893
76.4035397619048	3617.94500723589
77.8351510714286	3619.25443358668
77.9485064285714	3620.56480811007
76.3463122619047	3621.87613183629
78.8750392857143	3623.1884057971
76.796646547619	3624.50163102574
76.2513351190476	3625.81580855693
78.4559972619048	3627.13093942691
78.6767475	3628.44702467344
76.519555952381	3629.76406533575
77.2728452380952	3631.08206245461
77.2028807142857	3632.40101707229
76.6044216666667	3633.72093023256
75.8538642857143	3635.04180298074
77.3789627380952	3636.36363636364
78.9767219047619	3637.68643142961
75.883063452381	3639.01018922853
75.8836311904762	3640.3349108118
78.7427028571429	3641.66059723234
79.126585	3642.98724954463
76.2597435714286	3644.31486880467
78.3801433333333	3645.64345607
74.8516903571429	3646.97301239971
74.9160491666667	3648.30353885443
73.7416957142857	3649.63503649635
76.9847204761905	3650.96750638919
77.4826677380953	3652.30094959825
79.6596209523809	3653.63536719036
78.1107516666667	3654.97076023392
71.9880064285715	3656.3071297989
76.4622575000001	3657.64447695684
73.323966547619	3658.98280278083
74.8090801190477	3660.32210834554
75.8462719047619	3661.66239472721
74.9370527380952	3663.00366300366
69.5496797619047	3664.34591425431
83.8955953571429	3665.68914956012
69.7440689285714	3667.03337000367
74.1538192857143	3668.37857666911
57.8347770238095	3669.7247706422
71.0722946428571	3671.07195301028
64.1702895238095	3672.42012486228
72.0150059523809	3673.76928728876
72.8110116666667	3675.11944138185
77.679469404762	3676.4705882353
78.4607870238095	3677.82272894447
73.3781428571429	3679.17586460633
76.6984408333334	3680.52999631947
70.6319297619048	3681.8851251841
74.0584517857143	3683.24125230203
71.4500745238096	3684.59837877671
79.6727126190477	3685.95650571323
75.3039760714286	3687.31563421829
81.8311813095238	3688.67576540022
82.2523165476191	3690.036900369
75.3143358333334	3691.39904023625
80.1286880952381	3692.76218611521
72.7017366666666	3694.1263391208
75.4920854761905	3695.49150036955
79.0013798809524	3696.85767097967
79.5823477380953	3698.22485207101
76.3877871428571	3699.59304476508
77.3543048809524	3700.96225018505
74.4847314285714	3702.33246945576
73.8329829761905	3703.7037037037
76.4246142857143	3705.07595405706
75.1698301190476	3706.44922164566
77.8375636904762	3707.82350760104
77.4938080952381	3709.19881305638
80.1452214285714	3710.57513914657
77.6347305952381	3711.95248700817
79.0824138095238	3713.33085777943
74.0573520238095	3714.7102526003
65.6528486904762	3716.09067261241
80.6084346428572	3717.47211895911
79.2641725	3718.85459278542
69.2580782142857	3720.2380952381
83.4598072619048	3721.62262746558
48.406635	3723.00819061802
80.5113288095238	3724.3947858473
40.5019060714286	3725.78241430701
61.0682580952381	3727.17107715244
57.4742577380952	3728.56077554064
53.9309566666667	3729.95151063036
125.288147261905	3731.34328358209
27.2314817857143	3732.73609555805
22.2775021428571	3734.12994772218
31.4865106095238	3735.52484124019
4.33139282142857	3736.92077727952
14.132709202381	3738.31775700935
-4.46907333333333	3739.7157816006
74.1249549035714	3741.11485222596
63.9741730357143	3742.51497005988
60.0987956690476	3743.91613627855
58.5200087619048	3745.31835205993
76.748891952381	3746.72161858374
89.1309431071429	3748.12593703149
64.756415202381	3749.53130858643
66.902829952381	3750.93773443361
80.6565950833333	3752.34521575985
78.9152547261905	3753.75375375375
89.0735337261905	3755.16334960571
87.4197775714286	3756.57400450789
83.1067495595238	3757.98571965427
81.7796681071429	3759.3984962406
83.593886702381	3760.81233546446
83.4510085119048	3762.22723852521
85.7459270357143	3763.64320662401
85.1416960357143	3765.06024096386
83.5638182857143	3766.47834274953
86.9504020833333	3767.89751318764
86.9608683809524	3769.31775348662
81.4594705357143	3770.73906485671
81.0258844404762	3772.16144851
82.5353765119048	3773.58490566038
82.3857550952381	3775.00943752359
83.2508961190476	3776.43504531722
84.424488952381	3777.86173026067
83.6713838333334	3779.28949357521
83.3009502738095	3780.71833648393
81.7108278452381	3782.1482602118
81.117007702381	3783.57926598562
86.1903763452381	3785.01135503407
88.95072775	3786.44452858766
81.4747664047619	3787.87878787879
81.4357129404762	3789.31413414172
81.4678369166667	3790.75056861259
84.1379852976191	3792.18809252939
81.8179388095238	3793.62670713202
83.6652415238095	3795.06641366224
88.1432422619048	3796.50721336371
79.4659013928571	3797.94910748196
75.7569735476191	3799.39209726444
78.6195752976191	3800.83618396047
60.7165241904762	3802.28136882129
86.7832052738095	3803.72765310004
57.2244503690476	3805.17503805175
97.3734383809524	3806.62352493338
46.903724297619	3808.07311500381
49.5733773666667	3809.52380952381
137.197385892857	3810.9756097561
42.0818283333333	3812.42851696531
72.2052973095238	3813.882532418
-35.2124051547619	3815.33765738268
74.205521	3816.79389312977
80.2524472392857	3818.25124093165
46.5382600119048	3819.70970206264
72.0922236428572	3821.16927779901
77.2318492380953	3822.62996941896
98.4093684166667	3824.09177820268
86.4439000833333	3825.55470543229
82.2971175833333	3827.01875239189
85.5267402619048	3828.48392036754
83.68778175	3829.95021064726
82.9711889047619	3831.41762452107
88.1871873690476	3832.88616328095
89.499977452381	3834.35582822086
89.8784625238095	3835.82662063675
89.7186675238095	3837.29854182655
90.0221101547619	3838.77159309021
89.9000559047619	3840.24577572965
86.7485689642857	3841.72109104879
90.6873827023809	3843.19754035357
90.4170341666667	3844.67512495194
91.1874652261905	3846.15384615385
89.8047317142857	3847.63370527126
90.1334519880953	3849.11470361817
91.2836287142857	3850.59684251059
90.8782106904762	3852.08012326656
89.4210068452381	3853.56454720617
87.223164297619	3855.0501156515
89.3580150833333	3856.53682992673
90.4501482261905	3858.02469135803
90.1912183809524	3859.51370127364
89.943128452381	3861.00386100386
89.4675053452381	3862.49517188104
89.7364713095238	3863.98763523957
90.5141034880952	3865.48125241593
90.0289243333334	3866.97602474865
89.762593797619	3868.47195357834
89.8530551428572	3869.96904024768
90.6759917380952	3871.46728610143
91.6263365714286	3872.96669248645
91.3991881190476	3874.46726075165
91.3625793690476	3875.96899224806
91.336630952381	3877.47188832881
90.4255579880952	3878.97595034911
91.6939561309524	3880.48117966628
92.3901596785714	3881.98757763975
94.3260001309524	3883.49514563107
93.8716987619048	3885.00388500389
93.6627476666667	3886.51379712398
91.2327286071429	3888.02488335925
91.6119398809524	3889.53714507974
92.2299101071429	3891.05058365759
92.4152144761905	3892.56520046711
92.9095848928572	3894.08099688474
92.1475778690476	3895.59797428905
92.4970799404762	3897.1161340608
92.2852905357143	3898.63547758285
91.9454997142857	3900.15600624025
92.6520830714286	3901.67772142021
92.6792100476191	3903.2006245121
92.3611179285714	3904.72471690746
92.6946045952381	3906.25
92.5487661309524	3907.77647518562
92.7671978690476	3909.30414386239
93.0913491190476	3910.83300743058
93.3564611785714	3912.36306729265
92.9493789761905	3913.89432485323
93.0696692619048	3915.42678151919
93.0415566190476	3916.96043869957
93.8201888571429	3918.49529780564
92.9478478333333	3920.03136025088
93.477009797619	3921.56862745098
94.368279952381	3923.10710082385
93.8155721547619	3924.64678178964
94.4261793928572	3926.18767177071
96.2580299166667	3927.72977219167
96.4431236309524	3929.27308447937
97.0543406547619	3930.81761006289
97.1501970238096	3932.36335037358
97.0617723821429	3933.910306845
96.0757778571429	3935.45848091303
95.1563462690476	3937.00787401575
94.9486945976191	3938.55848759354
95.7098013416667	3940.11032308905
95.8528258845238	3941.66338194718
95.3996875535714	3943.21766561514
95.7406037238095	3944.77317554241
95.6462618630952	3946.32991318074
96.7908561988095	3947.88787998421
96.566659127381	3949.44707740916
95.5153644761905	3951.00750691426
95.2299418166667	3952.56916996048
95.2976035130953	3954.13206801107
95.2329231559524	3955.69620253165
95.0998693190476	3957.26157499011
94.931999527381	3958.82818685669
95.3261784821429	3960.39603960396
95.420663375	3961.96513470682
95.9173576595238	3963.53547364249
96.0960097226191	3965.10705789056
95.7856509107143	3966.67988893296
95.6973116392857	3968.25396825397
95.6446398071429	3969.82929734022
95.6858752226191	3971.4058776807
95.7072967488095	3972.98371076679
95.2900087988095	3974.56279809221
95.7437203357143	3976.14314115308
95.7366999297619	3977.72474144789
95.6805256547619	3979.30760047752
95.6129194047619	3980.89171974522
95.813055077381	3982.47710075667
95.6986276857143	3984.06374501992
95.6680803095238	3985.65165404544
95.6220918202381	3987.24082934609
95.719335202381	3988.83127243718
95.7150355976191	3990.42298483639
95.6672354607143	3992.01596806387
95.5719922119048	3993.61022364217
95.6510714714286	3995.20575309629
95.4441936904762	3996.80255795364
96.6193176571429	3998.4006397441
96.3138560583334	4000
95.427680452381	4001.6006402561
96.1805150488096	4003.20256204964
95.8374136035714	4004.80576692031
96.1367085226191	4006.41025641026
98.7951632630953	4008.01603206413
96.4995651	4009.62309542903
96.0719871464286	4011.23144805455
96.1428907297619	4012.84109149278
95.9425643583334	4014.45202729827
97.7542905511905	4016.06425702811
96.5400870583334	4017.67778224186
99.6607145119048	4019.29260450161
98.1148227	4020.90872537194
100.460252727381	4022.52614641995
98.2561991345238	4024.14486921529
99.0340835464286	4025.76489533011
97.9148361464286	4027.38622633911
100.869661019048	4029.0088638195
99.3309764238095	4030.63280935107
102.249202545238	4032.25806451613
100.415192785714	4033.88463089956
98.5256263226191	4035.51251008878
99.6093786821429	4037.1417036738
98.97139555	4038.77221324717
97.880290727381	4040.40404040404
98.3649360345238	4042.03718674212
98.6012031392857	4043.67165386171
99.0267959416667	4045.3074433657
99.1478761952381	4046.94455685957
99.0728221214286	4048.58299595142
98.8515914369048	4050.22276225192
98.6970999892857	4051.86385737439
100.181240682143	4053.50628293474
97.2005516511905	4055.1500405515
99.1079296619048	4056.79513184584
98.5106408952381	4058.44155844156
99.4925038011905	4060.08932196508
98.8167710642857	4061.73842404549
98.2668411559524	4063.38886631451
97.8213036428572	4065.0406504065
99.25887155	4066.69377795852
97.7504848761905	4068.34825061025
97.8938874928572	4070.00407000407
98.2872188261905	4071.66123778502
99.2384938821429	4073.31975560082
98.5213461178572	4074.97962510188
97.9286607428572	4076.6408479413
96.7076081476191	4078.30342577488
99.341568	4079.96736026112
101.261115854762	4081.63265306123
100.181054410714	4083.29930583912
99.3059704178572	4084.96732026144
95.1765631821429	4086.63669799755
95.8442693559524	4088.30744071954
96.4152039090476	4089.97955010225
115.264116214286	4091.65302782324
104.852392720238	4093.32787556283
74.7397298095238	4095.0040950041
90.8192951166667	4096.68168783286
94.6425195238095	4098.36065573771
58.0304058452381	4100.04100041
125.956899	4101.72272354389
82.6922322976191	4103.40582683628
60.9460164761905	4105.09031198686
123.666522892857	4106.77618069815
110.316305380952	4108.46343467543
90.1036868119048	4110.1520756268
103.875814240476	4111.84210526316
102.972117295238	4113.53352529823
99.300830402381	4115.22633744856
99.1756334869048	4116.92054343351
101.406419914286	4118.61614497529
101.255953109524	4120.31314379893
101.889357233333	4122.01154163232
100.711329530952	4123.71134020619
100.372937357143	4125.41254125413
101.382657889286	4127.11514651259
101.381378985714	4128.81915772089
101.290157039286	4130.52457662123
100.197509990476	4132.23140495868
100.713002030952	4133.93964448119
102.573830546429	4135.64929693962
103.090272195238	4137.36036408771
102.764712317857	4139.07284768212
100.553032414286	4140.7867494824
100.880356817857	4142.50207125104
100.961834234524	4144.21881475342
100.525928147619	4145.93698175788
100.68985367619	4147.65657403567
100.200905994048	4149.377593361
100.691681947619	4151.100041511
101.023926288095	4152.82392026578
100.763681497619	4154.54923140839
100.228291313095	4156.27597672486
100.813434636905	4158.00415800416
100.42275257381	4159.73377703827
100.529573617857	4161.46483562214
102.086268759524	4163.19733555371
102.58605360119	4164.9312786339
103.048210780952	4166.66666666667
100.652404532143	4168.40350145894
101.033779460714	4170.14178482068
101.017989666667	4171.88151856487
100.665823334524	4173.62270450751
101.345856233333	4175.36534446764
100.662393522619	4177.10944026734
101.61030249881	4178.85499373172
100.673189095238	4180.60200668896
103.15228829881	4182.35048097031
101.384623091667	4184.10041841004
102.383876219048	4185.85182084554
103.309338114286	4187.60469011725
106.345378197619	4189.35902806871
105.208759972619	4191.11483654652
106.20376395	4192.87211740042
106.717086770238	4194.63087248322
105.771332025	4196.39110365086
107.571422783333	4198.15281276239
106.876590738095	4199.91600167997
105.59512302619	4201.68067226891
108.294139644048	4203.44682639765
106.001690225	4205.21446593776
105.405060601191	4206.98359276399
105.499763910714	4208.75420875421
105.993617660714	4210.52631578948
106.663695384524	4212.299915754
105.665984476191	4214.07501053519
105.792353309524	4215.85160202361
106.091129354762	4217.62969211303
105.84671094881	4219.40928270042
106.258456972619	4221.19037568594
106.134987994048	4222.97297297297
105.432315642857	4224.7570764681
105.120321466667	4226.54268808115
105.066022588095	4228.32980972516
104.990128669048	4230.11844331641
105.012591841667	4231.90859077444
105.247233022619	4233.70025402202
105.597308309524	4235.49343498518
105.439564438095	4237.28813559322
105.51891422381	4239.08435777872
105.470313604762	4240.88210347752
105.128061429762	4242.68137462877
104.941517513095	4244.48217317487
104.86128074881	4246.28450106157
104.869034009524	4248.08836023789
104.828818607143	4249.89375265618
105.012988763095	4251.70068027211
105.104084308333	4253.50914504466
105.174403591667	4255.31914893617
105.366819266667	4257.1306939123
105.401492186905	4258.94378194208
105.310066245238	4260.75841499787
105.186358896429	4262.57459505541
105.044314454762	4264.39232409382
104.965444741667	4266.21160409556
105.044038392857	4268.03243704652
105.109518129762	4269.85482493595
105.228327165476	4271.67876975652
105.371716479762	4273.50427350427
105.43998242381	4275.33133817871
105.410883030952	4277.15996578272
105.424569038095	4278.99015832264
105.365600786905	4280.82191780822
105.339031484524	4282.65524625268
105.308500738095	4284.49014567267
105.365712766667	4286.3266180883
105.388401569048	4288.16466552316
105.450392167857	4290.00429000429
105.430686933333	4291.84549356223
105.458563419048	4293.688278231
105.468275784524	4295.53264604811
105.449407625	4297.37859905458
105.483978547619	4299.22613929493
105.592975438095	4301.07526881721
105.759018058333	4302.92598967298
105.917831839286	4304.77830391735
106.038448096429	4306.63221360896
106.082298970238	4308.48772081
106.097976238095	4310.34482758621
105.986235264286	4312.2035360069
105.939132517857	4314.06384814495
105.865748732143	4315.92576607682
105.980935596429	4317.78929188256
106.114383035714	4319.65442764579
106.484521672619	4321.52117545376
106.765877546429	4323.38953739732
107.011322067857	4325.25951557094
107.230543208333	4327.1311120727
107.399744583333	4329.00432900433
107.326337440476	4330.8791684712
107.638086619048	4332.75563258232
107.832977011905	4334.63372345037
108.072330238095	4336.51344319167
107.926274380952	4338.39479392625
107.943426297619	4340.27777777778
107.990273988095	4342.16239687364
107.835989369048	4344.04865334492
107.582488892857	4345.93654932638
107.483787595238	4347.82608695652
107.568835	4349.71726837756
107.754264714286	4351.61009573542
107.923553630952	4353.5045711798
108.018576214286	4355.40069686411
107.991675392857	4357.29847494553
107.864289309524	4359.19790758501
107.847894761905	4361.09899694723
107.69041252381	4363.0017452007
107.562560797619	4364.90615451768
107.543915547619	4366.81222707424
107.497801714286	4368.71996505024
107.515490190476	4370.62937062937
107.560563988095	4372.54044599913
107.617372464286	4374.45319335083
107.6482625	4376.36761487965
107.61173802381	4378.28371278459
107.627737821429	4380.20148926851
107.641019166667	4382.12094653813
107.650620654762	4384.04208680403
107.754426511905	4385.9649122807
107.834625666667	4387.88942518649
107.872475011905	4389.81562774364
107.934716154762	4391.74352217831
107.99065427381	4393.67311072056
108.032292226191	4395.6043956044
108.010541404762	4397.53737906772
108.083531571429	4399.4720633524
108.162752702381	4401.40845070423
108.27918025	4403.34654337296
108.396736464286	4405.28634361234
108.548424488095	4407.22785368004
108.627758761905	4409.17107583774
108.740202678571	4411.11601235113
108.823943011905	4413.06266548985
108.857460607143	4415.01103752759
108.904862702381	4416.96113074205
108.955782845238	4418.91294741494
109.065349571429	4420.86648983201
109.210762321429	4422.82176028306
109.275938261905	4424.77876106195
109.434033607143	4426.73749446658
109.532753714286	4428.69796279894
109.645012535714	4430.66016836509
109.718771059524	4432.62411347518
109.806673488095	4434.58980044346
109.879172536905	4436.55723158829
109.994245158333	4438.52640923214
110.13765002381	4440.4973357016
110.21573582381	4442.47001332741
110.22408887619	4444.44444444445
110.254325842857	4446.42063139173
110.232223619048	4448.39857651246
110.202349234524	4450.37828215398
110.176143545238	4452.35975066786
110.168888158333	4454.3429844098
110.260009169048	4456.32798573975
110.286977557143	4458.31475702185
110.36239370119	4460.30330062444
110.31883877381	4462.29361892013
110.308813821429	4464.28571428572
110.264201155952	4466.27958910228
110.235326879762	4468.27524575514
110.246941761905	4470.27268663389
110.205971332143	4472.27191413238
110.249873304762	4474.27293064877
110.271676194048	4476.2757385855
110.25736375119	4478.28034034931
110.170137590476	4480.28673835126
110.112966557143	4482.29493500672
110.070177935714	4484.30493273543
110.002058311905	4486.31673396142
110.152979101191	4488.33034111311
110.239776219048	4490.34575662326
110.422704514286	4492.36298292902
110.667992692857	4494.38202247191
110.711803651191	4496.40287769784
110.876168847619	4498.42555105713
110.821370421429	4500.4500450045
110.332221065476	4502.4763619991
110.275351579762	4504.50450450451
110.294608907143	4506.53447498873
110.469570085714	4508.56627592426
110.505682032143	4510.599909788
111.276911434524	4512.63537906137
111.321546083333	4514.67268623025
111.579195445238	4516.71183378501
111.916806520238	4518.75282422052
111.829657945238	4520.79566003617
112.064867959524	4522.84034373587
111.325653889286	4524.88687782805
111.408245640476	4526.93526482571
111.438090058333	4528.98550724638
112.805908014286	4531.03760761214
113.070444660714	4533.09156844968
112.547603527381	4535.14739229025
112.619464957143	4537.20508166969
112.411947465476	4539.26463912846
112.813585860714	4541.32606721163
112.19603420119	4543.38936846888
112.480546028571	4545.45454545455
112.66592137381	4547.5216007276
112.814395234524	4549.59053685168
112.599902253571	4551.66135639509
112.645331928571	4553.73406193078
112.86693625119	4555.80865603645
111.980682482143	4557.88514129444
112.553736347619	4559.96352029184
113.388106308333	4562.04379562044
112.995212907143	4564.12596987677
111.950483239286	4566.2100456621
112.255418765476	4568.29602558246
112.313150225	4570.38391224863
112.226077107143	4572.47370827618
112.378375233333	4574.56541628545
112.282485877381	4576.6590389016
112.5897206	4578.75457875458
112.418940711905	4580.85203847916
112.258721070238	4582.95142071494
112.114574515476	4585.05272810637
111.593281672619	4587.15596330275
111.628599034524	4589.26112895824
111.610612589286	4591.36822773186
111.510368189286	4593.47726228755
111.511484107143	4595.58823529412
111.511608565476	4597.70114942529
111.408029695238	4599.81600735971
111.268536414286	4601.93281178095
111.869408286905	4604.05156537753
111.803099228571	4606.17227084293
111.881623575	4608.29493087558
111.358516315476	4610.41954817888
111.253410461905	4612.54612546126
111.054094957143	4614.67466543609
110.772569178571	4616.80517082179
110.794374316667	4618.9376443418
111.356128140476	4621.07208872459
111.298365071429	4623.20850670365
110.781142052381	4625.34690101758
110.5791368	4627.48727441
110.776742665476	4629.62962962963
114.619312525	4631.77396943029
110.700510027381	4633.9202965709
110.756819571429	4636.06861381549
111.006054238095	4638.21892393321
111.004551371429	4640.37122969838
113.011829805595	4642.52553389044
112.639610945238	4644.68183929401
112.36763800119	4646.84014869889
114.816306792857	4649.00046490005
112.931747155238	4651.16279069767
112.327845927262	4653.32712889716
112.919013881071	4655.49348230913
112.479722603571	4657.66185374942
112.324446254286	4659.83224603914
113.501119456667	4662.00466200466
113.397288498095	4664.17910447761
113.405260868095	4666.35557629491
113.23169137619	4668.53408029879
113.153866891667	4670.71461933676
112.756615686905	4672.89719626168
112.429227952381	4675.08181393174
112.24506195	4677.26847521048
112.136688996429	4679.45718296678
112.251701785714	4681.64794007491
112.426286102381	4683.84074941452
112.633446339524	4686.03561387067
112.700886144048	4688.2325363338
112.718138617857	4690.43151969981
112.651248877381	4692.63256687001
112.483055480952	4694.83568075117
112.374470895238	4697.04086425552
112.241941751191	4699.24812030075
112.07416177381	4701.45745181006
112.071810453571	4703.66886171214
112.089061402381	4705.88235294118
112.176340471429	4708.09792843691
112.241951171429	4710.31559114461
112.346693645238	4712.53534401508
112.360776705952	4714.75719000472
112.326817670238	4716.98113207547
112.307834763095	4719.2071731949
112.222728507143	4721.43531633617
112.078297426191	4723.66556447804
111.969604460714	4725.89792060492
111.949336546429	4728.13238770686
111.943194257143	4730.36896877957
112.007600753571	4732.60766682442
112.023608410714	4734.84848484849
112.070420405952	4737.09142586452
112.092336692857	4739.336492891
112.039495921429	4741.58368895211
111.879460609524	4743.8330170778
111.773006276191	4746.08448030375
111.675496529762	4748.33808167142
111.614558930952	4750.59382422803
111.578241919048	4752.85171102662
111.552807672619	4755.11174512601
111.577113108333	4757.37392959087
111.6237897	4759.63826749167
111.652979583333	4761.90476190476
111.635968542857	4764.17341591234
111.64382657381	4766.44423260248
111.608394183333	4768.71721506915
111.608813282143	4770.99236641221
111.543781183333	4773.26968973747
111.525141432143	4775.54918815664
111.542627013095	4777.83086478739
111.548256942857	4780.11472275335
111.560510897619	4782.40076518412
111.620393004762	4784.68899521531
111.633563172619	4786.97941598851
111.681725027381	4789.27203065134
111.702255286905	4791.56684235745
111.598758738095	4793.86385426654
111.527613457143	4796.16306954437
111.465905160714	4798.46449136277
111.381573891667	4800.76812289967
111.362255741667	4803.0739673391
111.317863538095	4805.38202787122
111.335592063095	4807.69230769231
111.377767257143	4810.00481000481
111.373094564286	4812.31953801733
111.33218275	4814.63649494463
111.332777302381	4816.95568400771
111.268909647619	4819.27710843374
111.229332034524	4821.60077145612
111.268981157143	4823.92667631452
111.295527727381	4826.25482625483
111.268064240476	4828.58522452921
111.309569216667	4830.91787439614
111.277357370238	4833.25277912035
111.269949902381	4835.58994197292
111.260828753571	4837.92936623125
111.258282726191	4840.27105517909
111.250983766667	4842.61501210654
111.267723313095	4844.96124031008
111.254973483333	4847.30974309258
111.290447303571	4849.66052376334
111.2901323	4852.01358563804
111.254258492857	4854.36893203884
111.261472503571	4856.72656629432
111.225534957143	4859.08649173955
111.241090396429	4861.44871171609
111.243538036905	4863.81322957199
111.206355122619	4866.1800486618
111.197376032143	4868.54917234664
111.181300317857	4870.92060399416
111.151439929762	4873.29434697856
111.120467355952	4875.67040468064
111.124881165476	4878.04878048781
111.067606761905	4880.42947779405
111.037632310714	4882.8125
111.024188555952	4885.19785051295
111.059505641667	4887.58553274682
111.065174236905	4889.97555012225
111.052427590476	4892.36790606654
111.060849828571	4894.76260401371
110.998291838095	4897.15964740451
110.996151453571	4899.55903968643
110.957065564286	4901.96078431373
110.924315296429	4904.36488474743
110.840138009524	4906.77134445535
110.859809160714	4909.18016691213
110.812546341667	4911.59135559921
110.78828192381	4914.00491400492
110.74349347619	4916.42084562439
110.713617980952	4918.83915395967
110.660300590476	4921.25984251969
110.619782383333	4923.68291482029
110.613885663095	4926.10837438424
110.612009439286	4928.53622474125
110.618049460714	4930.96646942801
110.591022117857	4933.39911198816
110.597122827381	4935.83415597236
110.547662678571	4938.27160493827
110.528723983333	4940.71146245059
110.474626470238	4943.15373208107
110.458964039286	4945.59841740851
110.454128371429	4948.0455220188
110.479447035714	4950.49504950495
110.483822452381	4952.94700346706
110.458491582143	4955.40138751239
110.409163916667	4957.85820525533
110.339969428571	4960.31746031746
110.368173946429	4962.77915632755
110.30219999881	4965.24329692155
110.275322054762	4967.70988574267
110.231868647619	4970.17892644135
110.220083544048	4972.65042267529
110.198314286905	4975.12437810945
110.164804007143	4977.60079641613
110.130683220238	4980.0796812749
110.035491940476	4982.5610363727
109.98653597619	4985.04486540379
109.972978433333	4987.53117206983
109.955934402381	4990.01996007984
109.941305844048	4992.51123315028
109.871245859524	4995.004995005
109.903809029762	4997.50124937531
109.857304153571	5000
109.802199659524	5002.50125062531
109.784763963095	5005.00500500501
109.740287635714	5007.51126690035
109.714289875	5010.02004008016
109.719635685714	5012.5313283208
109.716083361905	5015.04513540622
109.663703810714	5017.56146512795
109.659664475	5020.08032128514
109.593998061905	5022.60170768458
109.542779608333	5025.1256281407
109.518479442857	5027.65208647562
109.500227733333	5030.18108651912
109.450397267857	5032.71263210871
109.457602957143	5035.24672708963
109.386797359524	5037.78337531486
109.333610101191	5040.32258064516
109.331383246429	5042.86434694907
109.323699564286	5045.40867810293
109.338696629762	5047.95557799092
109.264261079762	5050.50505050505
109.277394397619	5053.05709954523
109.270484590476	5055.61172901921
109.225145814286	5058.16894284269
109.197265871429	5060.72874493927
109.184942608333	5063.29113924051
109.174425455952	5065.85612968592
109.139319030952	5068.42372022301
109.142431336905	5070.9939148073
109.087971565476	5073.56671740233
109.049257782143	5076.1421319797
109.046553478571	5078.72016251905
109.021911960714	5081.30081300813
109.004825246429	5083.88408744281
108.968848755952	5086.46998982706
108.906164232143	5089.05852417303
108.894311209524	5091.64969450102
108.867371036905	5094.24350483953
108.830292069048	5096.83995922528
108.810613161905	5099.43906170321
108.778996285714	5102.04081632653
108.762564261905	5104.64522715671
108.689019167857	5107.25229826353
108.723226977381	5109.86203372509
108.663702292857	5112.47443762781
108.640142195238	5115.0895140665
108.610039405952	5117.70726714432
108.584118569048	5120.32770097286
108.522936771429	5122.95081967213
108.51693417381	5125.57662737058
108.411967325	5128.20512820513
108.414202496429	5130.83632632119
108.420080227381	5133.47022587269
108.404010890476	5136.10683102209
108.400529111905	5138.74614594039
108.342545263095	5141.3881748072
108.326425630952	5144.0329218107
108.264615746429	5146.68039114771
108.244229613095	5149.33058702369
108.263033189286	5151.98351365276
108.256893801191	5154.63917525773
108.233771642857	5157.29757607014
108.1777925	5159.95872033024
108.175122432143	5162.62261228704
108.120711571429	5165.28925619835
108.095452080952	5167.95865633075
108.057586202381	5170.63081695967
108.032569234524	5173.30574236937
108.000701378571	5175.983436853
107.991446636905	5178.66390471259
107.976962903571	5181.34715025907
107.922436747619	5184.03317781234
107.929963959524	5186.72199170125
107.868497779762	5189.41359626362
107.816614794048	5192.10799584632
107.802048197619	5194.8051948052
107.774942409524	5197.5051975052
107.764457967857	5200.20800832033
107.725243465476	5202.91363163372
107.683087116667	5205.62207183759
107.651877272619	5208.33333333333
107.645139463095	5211.04742053153
107.588958261905	5213.76433785193
107.578177511905	5216.48408972353
107.539550910714	5219.20668058455
107.490230588095	5221.93211488251
107.472932104762	5224.66039707419
107.441828836905	5227.39153162572
107.394617570238	5230.12552301255
107.38228115	5232.86237571952
107.368060192857	5235.60209424084
107.351571486905	5238.34468308015
107.302373392857	5241.09014675052
107.280332795238	5243.83848977452
107.289213064286	5246.58971668416
107.259324675	5249.343832021
107.236620083333	5252.10084033614
107.248299308333	5254.86074619023
107.191913267857	5257.62355415352
107.188684692857	5260.38926880589
107.171847425	5263.15789473684
107.1749808	5265.92943654555
107.10551647381	5268.70389884089
107.015781189286	5271.48128624143
106.963132221429	5274.26160337553
106.915123097619	5277.04485488127
106.886522067857	5279.83104540655
106.815122614286	5282.62017960909
106.825196559524	5285.41226215645
106.804532695238	5288.20729772607
106.775379941667	5291.00529100529
106.762381202381	5293.80624669137
106.711780735714	5296.61016949153
106.702212494048	5299.41706412295
106.673247126191	5302.22693531283
106.622813784524	5305.03978779841
106.600155340476	5307.85562632696
106.563133611905	5310.67445565587
106.507465328571	5313.4962805526
106.506097860714	5316.32110579479
106.449750902381	5319.14893617021
106.405847497619	5321.97977647685
106.323860769048	5324.8136315229
106.312963591667	5327.6505061268
106.338669897619	5330.49040511727
106.388197410714	5333.33333333333
106.362648266667	5336.17929562433
106.336809472619	5339.02829684997
106.30982259881	5341.88034188034
106.27814792619	5344.73543559594
106.243699804762	5347.5935828877
106.219109845238	5350.45478865704
106.183975004762	5353.31905781585
106.146025266667	5356.18639528656
106.058653490476	5359.05680600214
106.012512840476	5361.93029490617
106.004725339286	5364.80686695279
105.994663313095	5367.68652710682
105.933712269048	5370.56928034372
105.93160127381	5373.45513164965
105.902424965476	5376.34408602151
105.85606699881	5379.23614846692
105.879345490476	5382.13132400431
105.786447441667	5385.0296176629
105.76162409881	5387.93103448276
105.737436735714	5390.83557951483
105.678650046429	5393.74325782093
105.625328080952	5396.65407447383
105.612376184524	5399.56803455724
105.508640995238	5402.48514316586
105.513878295238	5405.40540540541
105.470533269048	5408.32882639265
105.464287588095	5411.25541125541
105.428343389286	5414.18516513265
105.38691865	5417.11809317443
105.31750782619	5420.05420054201
105.287004377381	5422.99349240781
105.211027711905	5425.93597395551
105.235654957143	5428.88165038002
105.181343611905	5431.83052688756
105.196144711905	5434.78260869565
105.142827328571	5437.73790103317
105.106309633333	5440.69640914037
105.07390432381	5443.65813826892
105.051502136905	5446.62309368192
105.012383951191	5449.59128065395
104.987921353571	5452.5627044711
104.948527239286	5455.53737043099
104.958143011905	5458.5152838428
104.906940363095	5461.49645002731
104.833500038095	5464.48087431694
104.863321895238	5467.46856205577
104.811749220238	5470.45951859956
104.768432595238	5473.45374931582
104.724582828571	5476.45125958379
104.688172410714	5479.45205479452
104.671608869048	5482.45614035088
104.590110383333	5485.46352166758
104.574246577381	5488.47420417124
104.553647021429	5491.48819330039
104.512959039286	5494.5054945055
104.4548373	5497.52611324904
104.426414083333	5500.5500550055
104.378375582143	5503.57732526142
104.358868253571	5506.60792951542
104.31292909881	5509.64187327824
104.284615791667	5512.67916207277
104.250104608333	5515.71980143409
104.176023157143	5518.76379690949
104.165096052381	5521.81115405853
104.15063187381	5524.86187845304
104.095727489286	5527.91597567717
104.128961983333	5530.97345132743
104.112760575	5534.03431101273
104.100806383333	5537.09856035437
104.045284319048	5540.16620498615
104.000696284524	5543.23725055432
104.019263835714	5546.31170271769
104.020873692857	5549.38956714761
103.95858525119	5552.47084952804
103.92605105119	5555.55555555556
103.913581165476	5558.64369093941
103.874873215476	5561.73526140156
103.819757763095	5564.83027267668
103.758355608333	5567.92873051225
103.735141289286	5571.03064066852
103.710751582143	5574.13600891862
103.660639361905	5577.24484104852
103.617756810714	5580.35714285714
103.579879566667	5583.47292015634
103.517509354762	5586.59217877095
103.532351486905	5589.71492453885
103.500884279762	5592.84116331096
103.480012121429	5595.97090095132
103.444617569048	5599.10414333707
103.450894571429	5602.24089635854
103.349425311905	5605.38116591928
103.326188539286	5608.52495793606
103.25323937381	5611.67227833895
103.227476661905	5614.82313307131
103.232846595238	5617.97752808989
103.197172780952	5621.13546936481
103.219988665476	5624.29696287964
103.232643982143	5627.4620146314
103.208133285714	5630.63063063063
103.212320638095	5633.80281690141
103.169651096429	5636.9785794814
103.130892407143	5640.15792442188
103.095711429762	5643.34085778781
103.111208797619	5646.52738565782
103.074897336905	5649.71751412429
103.07257125	5652.91124929339
103.050646778571	5656.10859728507
102.991452772619	5659.30956423316
102.934135136905	5662.51415628539
102.920103904762	5665.7223796034
102.766520633333	5668.93424036281
102.776194463095	5672.14974475326
102.660129502381	5675.36889897843
102.661966089286	5678.59170925611
102.649361641667	5681.81818181818
102.627717532143	5685.04832291075
102.526840054762	5688.28213879408
102.464125740476	5691.51963574274
102.460826741667	5694.76082004556
102.372414582143	5698.0056980057
102.385974746429	5701.25427594071
102.323657340476	5704.50656018255
102.302113863095	5707.76255707763
102.252101002381	5711.02227298687
102.283894860714	5714.28571428572
102.207827709524	5717.55288736421
102.157147683333	5720.823798627
102.141752302381	5724.09845449342
102.113802934524	5727.37686139748
102.090703636905	5730.65902578797
102.0200739	5733.94495412844
102.022767538095	5737.2346528973
102.013353696429	5740.52812858783
102.015180020238	5743.82538770821
101.944328275	5747.12643678161
101.781419171429	5750.43128234618
101.765610525	5753.73993095512
101.796359409524	5757.05238917674
101.942343110714	5760.36866359447
102.004276755952	5763.68876080692
101.985109532143	5767.01268742791
101.990415158333	5770.34045008656
101.871439397619	5773.67205542725
101.803425826191	5777.00751010976
101.822150111905	5780.34682080925
101.778079153571	5783.68999421631
101.719446308333	5787.03703703704
101.659342452381	5790.38795599305
101.615532596429	5793.74275782155
101.561732365476	5797.10144927536
101.427953980952	5800.46403712297
101.383746925	5803.83052814858
101.271901179762	5807.20092915215
101.22318275119	5810.57524694945
101.21226964881	5813.95348837209
101.167078602381	5817.3356602676
101.137141295238	5820.72176949942
101.075182010714	5824.111822947
101.092643754762	5827.50582750583
101.055988730952	5830.90379008746
101.004282036905	5834.3057176196
101.043409501191	5837.71161704612
100.963132544048	5841.1214953271
100.941028877381	5844.53535943893
100.922305971429	5847.95321637427
100.851950367857	5851.37507314219
100.838505513095	5854.80093676815
100.718395114286	5858.23081429408
100.668827128571	5861.66471277843
100.65196547619	5865.10263929619
100.585680528571	5868.54460093897
100.645758871429	5871.99060481503
100.741389079762	5875.44065804936
100.890310602381	5878.89476778366
100.853235096429	5882.35294117647
100.951719690476	5885.81518540318
100.865188310714	5889.28150765607
100.653273209524	5892.75191514437
100.7075337	5896.22641509434
100.751257632143	5899.70501474926
100.699673725	5903.18772136954
100.862868045238	5906.67454223272
100.947188085595	5910.16548463357
100.878466866667	5913.66055588409
101.001509614167	5917.15976331361
101.064785784405	5920.6631142688
101.11036473	5924.17061611374
100.950064651786	5927.68227623
100.891521119286	5931.19810201661
100.637102845238	5934.71810089021
100.543993655119	5938.24228028504
100.840161165119	5941.770647653
100.863766109524	5945.30321046373
100.813427152381	5948.83997620464
101.042472145	5952.38095238095
101.12874851369	5955.92614651578
100.941004214048	5959.47556615018
101.068881317143	5963.02921884317
100.924429613571	5966.58711217184
100.877888737262	5970.14925373134
100.841637562738	5973.71565113501
100.587630242619	5977.28631201435
100.701962977024	5980.86124401914
100.779095079524	5984.44045481748
100.850134596905	5988.02395209581
100.61741937	5991.61174355902
100.648727466667	5995.20383693046
100.397499186905	5998.80023995201
100.273308360357	6002.40096038415
100.317970060476	6006.00600600601
100.437547752262	6009.61538461539
100.535015300583	6013.22910402886
100.408207777857	6016.84717208183
100.273616351548	6020.46959662854
100.111905795119	6024.09638554217
99.9394888090476	6027.72754671489
99.7989927636905	6031.3630880579
99.7935250578572	6035.00301750151
99.6724671178572	6038.64734299517
99.6566030426191	6042.29607250755
99.7014764314286	6045.9492140266
99.7411326245238	6049.60677555959
99.6726244888095	6053.26876513317
99.6552960002381	6056.93519079346
99.5287613521429	6060.60606060606
99.399159222381	6064.28138265616
99.3768325622619	6067.96116504854
99.3606897026191	6071.64541590771
99.3152861394048	6075.33414337789
99.3935588794048	6079.0273556231
99.4264990160715	6082.72506082725
99.5265695565476	6086.42726719416
99.6247934944048	6090.13398294763
99.6819809217858	6093.84521633151
99.5729089007143	6097.56097560976
99.4224321257143	6101.28126906651
99.2768505771429	6105.00610500611
99.1298852428572	6108.73549175321
98.9750224414286	6112.46943765281
99.0114373669048	6116.20795107034
99.0347511953572	6119.95104039168
99.0882907422619	6123.69871402327
99.0350630879762	6127.45098039216
98.9836697441667	6131.20784794605
99.0696270820238	6134.96932515337
99.1363404691667	6138.73542050338
99.1523463702381	6142.50614250614
99.0411213369048	6146.28149969269
98.8478350335715	6150.06150061501
98.8906119091667	6153.84615384616
98.6236613289286	6157.6354679803
98.5874705688096	6161.42945163278
98.7339651921429	6165.2281134402
98.6851591017857	6169.03146206046
98.7337321441667	6172.83950617284
98.7187626690476	6176.65225447807
98.598526985	6180.46971569839
98.5099067892858	6184.29189857762
98.4661789714286	6188.11881188119
98.4591973761905	6191.95046439629
98.4428408901191	6195.78686493185
98.4099416404762	6199.62802231866
98.3599688404762	6203.47394540943
98.3557189894048	6207.32464307883
98.3200022190476	6211.1801242236
98.237870652381	6215.04039776259
98.2694010436905	6218.90547263682
98.2809466028572	6222.77535780958
98.2603070735715	6226.6500622665
98.2231338609524	6230.52959501558
98.1357777380953	6234.41396508728
98.0830497738095	6238.30318153462
98.0346764392857	6242.19725343321
97.9828032988096	6246.09618988133
98.0144934797619	6250
97.9995048702381	6253.90869293309
97.9829743107143	6257.82227784731
97.9461022488095	6261.74076393238
97.8761165547619	6265.664160401
97.8557840654762	6269.59247648903
97.805974652381	6273.52572145546
97.7602515678572	6277.46390458255
97.7728985702381	6281.40703517588
97.6869537130953	6285.35512256443
97.7012538011905	6289.30817610063
97.6131281059524	6293.26620516048
97.5953261214286	6297.22921914358
97.58046695	6301.19722747322
97.5457638202381	6305.17023959647
97.4847016309524	6309.14826498423
97.4818484880953	6313.13131313131
97.4244242726191	6317.11939355654
97.3903912202381	6321.11251580278
97.3890442702381	6325.11068943707
97.3159803488095	6329.11392405063
97.2863949154762	6333.12222925903
97.2548065964286	6337.13561470216
97.2471263738096	6341.15409004439
97.1266406642857	6345.17766497462
97.097096402381	6349.20634920635
97.1030910988095	6353.24015247777
97.0667993166667	6357.27908455181
97.0475706821429	6361.32315521629
97.0038198690476	6365.3723742839
96.92299105	6369.42675159236
96.9308424333334	6373.48629700446
96.8300451976191	6377.55102040817
96.8400564964286	6381.62093171666
96.7715586892857	6385.69604086846
96.7318828261905	6389.77635782748
96.6951770702381	6393.86189258312
96.636991177381	6397.95265515035
96.5931709154762	6402.04865556978
96.5585754785714	6406.14990390775
96.545456577381	6410.25641025641
96.4812866535715	6414.36818473381
96.4456975095238	6418.48523748396
96.3796412452381	6422.60757867694
96.3437533047619	6426.735218509
96.2554607369048	6430.86816720257
96.2607315892857	6435.00643500644
96.2051575440476	6439.15003219575
96.1512102726191	6443.29896907217
96.0838592928572	6447.4532559639
96.0361866583333	6451.61290322581
96.0589897916667	6455.77792123951
95.9353259559524	6459.94832041344
95.8857267833333	6464.12411118294
95.8903596988095	6468.30530401035
95.7961643273809	6472.49190938511
95.7336879642857	6476.68393782384
95.7296599976191	6480.88139987038
95.6991637511905	6485.08430609598
95.6188008642857	6489.29266709929
95.5732795630952	6493.50649350649
95.5070686321429	6497.72579597141
95.5001342928572	6501.95058517555
95.3863398452381	6506.18087182824
95.3940556869048	6510.41666666667
95.4216443107143	6514.65798045603
95.3272478488095	6518.90482398957
95.2458221107143	6523.15720808872
95.158742202381	6527.41514360314
95.1280408607143	6531.67864141084
95.0891356892857	6535.9477124183
95.0266360404762	6540.2223675605
95.004201975	6544.50261780105
94.9029852333333	6548.78847413229
94.8662579928572	6553.07994757536
94.8530402880952	6557.37704918033
94.7806867726191	6561.67979002625
94.7112209226191	6565.98818122128
94.7087763392857	6570.30223390276
94.5847656166667	6574.62195923735
94.5832597011905	6578.94736842105
94.5559414583334	6583.2784726794
94.4032796690476	6587.61528326746
94.3716869011905	6591.95781147001
94.3524570345238	6596.30606860159
94.2587719404762	6600.6600660066
94.2025441738095	6605.01981505945
94.1535934726191	6609.38532716458
94.0869653761905	6613.75661375662
94.035796275	6618.13368630047
93.9498220369048	6622.51655629139
93.90250835	6626.90523525514
93.8197022738095	6631.29973474801
93.7719064380953	6635.700066357
93.7402080726191	6640.10624169987
93.6496179630953	6644.51827242525
93.5869707202381	6648.93617021277
93.5649826369048	6653.35994677312
93.4257482440476	6657.7896138482
93.3999511654762	6662.22518321119
93.2620932488095	6666.66666666667
93.3322539952381	6671.1140760507
93.1686462619048	6675.56742323098
93.127315775	6680.02672010688
93.1288538369048	6684.49197860963
93.033689722619	6688.96321070234
92.9777044761905	6693.44042838019
92.9107604035714	6697.92364367046
92.8545361047619	6702.41286863271
92.7591075488096	6706.90811535882
92.7230595404762	6711.40939597316
92.6375021892857	6715.91672263264
92.550763202381	6720.43010752688
92.5039124142857	6724.94956287828
92.4427853619048	6729.47510094213
92.3671648738095	6734.00673400674
92.30772765	6738.54447439353
92.2467874190476	6743.08833445718
92.1813668595238	6747.6383265857
92.1549016309524	6752.19446320054
92.0094072880952	6756.75675675676
91.9877320059524	6761.32521974307
91.9199622130952	6765.899864682
91.8735833202381	6770.48070413
91.8050115047619	6775.06775067751
91.7243530142857	6779.66101694915
91.6332300285714	6784.2605156038
91.5567627666667	6788.86625933469
91.5068002130952	6793.47826086957
91.4231430559524	6798.09653297077
91.3592984	6802.72108843538
91.2757080428572	6807.3519400953
91.2007739904762	6811.98910081744
91.090622652381	6816.63258350375
91.0779563809524	6821.28240109141
90.9712240452381	6825.9385665529
90.9319976214286	6830.60109289618
90.8292669226191	6835.26999316473
90.7276549190476	6839.94528043776
90.7088394297619	6844.62696783026
90.6376330238095	6849.31506849315
90.544890627381	6854.00959561344
90.4794447035714	6858.71056241427
90.4014938380952	6863.41798215512
90.3078267583333	6868.13186813187
90.2846576202381	6872.85223367698
90.2031936428572	6877.57909215956
90.13250085	6882.31245698555
90.0640609690476	6887.0523415978
89.9407055	6891.79875947623
89.8974516654762	6896.55172413793
89.8049760380953	6901.31124913734
89.7057871380952	6906.0773480663
89.647829077381	6910.85003455425
89.5596827178572	6915.62932226833
89.5194473690476	6920.4152249135
89.4046421821429	6925.20775623269
89.3175836142857	6930.00693000693
89.2769607630952	6934.81276005548
89.1779297154762	6939.62526023595
89.1301850202381	6944.44444444445
89.1036539761905	6949.27032661571
88.9716505047619	6954.10292072323
88.8533754464286	6958.9422407794
88.8034654202381	6963.78830083566
88.7201576476191	6968.64111498258
88.6055413642857	6973.50069735007
88.5442123797619	6978.36706210747
88.4668855821429	6983.24022346369
88.3791809142857	6988.12019566737
88.3130378797619	6993.00699300699
88.2085852119048	6997.90062981106
88.1407773035714	7002.80112044818
87.9967263678571	7007.70847932726
87.9412875916667	7012.62272089762
87.8302226619048	7017.54385964912
87.7584007797619	7022.47191011236
87.7029496666667	7027.40688685875
87.6114781261905	7032.34880450071
87.5238096333333	7037.29767769177
87.417689725	7042.25352112676
87.3506505690476	7047.21634954193
87.2858921964286	7052.18617771509
87.1556865095238	7057.16302046577
87.1235693261905	7062.14689265537
86.9519350261905	7067.13780918728
86.8834733964286	7072.13578500707
86.8465901107143	7077.14083510262
86.7351264630953	7082.15297450425
86.6215446047619	7087.17221828491
86.5335445988095	7092.19858156029
86.4485863511905	7097.232079489
86.3571418416667	7102.27272727273
86.3040359488095	7107.32054015636
86.1856518154762	7112.37553342817
86.0965139904762	7117.43772241993
86.0383049440476	7122.50712250712
85.9508290916667	7127.58374910905
85.8272140297619	7132.66761768902
85.760501952381	7137.75874375446
85.6854024357143	7142.85714285714
85.5898201916667	7147.96283059328
85.4666220142857	7153.07582260372
85.4663536940476	7158.19613457409
85.3099990476191	7163.32378223496
85.2139614	7168.45878136201
85.0879007928571	7173.60114777619
84.9971514464286	7178.75089734386
84.9189394726191	7183.90804597701
84.8348842892857	7189.07260963336
84.7063365535714	7194.24460431655
84.654280327381	7199.42404607631
84.5480776809524	7204.61095100865
84.4539392607143	7209.80533525595
84.3940108666667	7215.00721500722
84.2956160869048	7220.2166064982
84.212801552381	7225.43352601156
84.101148175	7230.65798987708
84.0099550654762	7235.89001447178
83.8892257202381	7241.12961622013
83.8934607428572	7246.3768115942
83.7013424809524	7251.63161711385
83.5940571654762	7256.89404934688
83.4806434202381	7262.16412490922
83.3967697880952	7267.44186046512
83.3285190857143	7272.72727272727
83.254245552381	7278.02037845706
83.1696129988095	7283.32119446468
83.0592548821429	7288.62973760933
82.9344543309524	7293.94602479942
82.8579987011905	7299.2700729927
82.7808967	7304.6018991965
82.6891348083333	7309.94152046784
82.6262108130952	7315.28895391368
82.4582595321429	7320.64421669107
82.354540275	7326.00732600733
82.2361748535714	7331.37829912024
82.1368893583333	7336.75715333823
82.0563163726191	7342.14390602056
81.9607714083333	7347.53857457752
81.8431108595238	7352.94117647059
81.7038850607143	7358.35172921266
81.6542551238095	7363.77025036819
81.5421577119048	7369.19675755343
81.475727802381	7374.63126843658
81.3558560488095	7380.07380073801
81.2817782059524	7385.52437223043
81.1336873833334	7390.9830007391
80.985592127381	7396.44970414201
80.8749669428572	7401.9245003701
80.8147429428572	7407.40740740741
80.692205002381	7412.89844329133
80.5529140738095	7418.39762611276
80.5004767345238	7423.90497401634
80.4137963738095	7429.4205052006
80.2707613083333	7434.94423791822
80.1580701630952	7440.47619047619
80.0446584952381	7446.01638123604
79.9205587964286	7451.56482861401
79.7967182547619	7457.12155108128
79.6622998607143	7462.68656716418
79.5619770202381	7468.25989544436
79.4883562428572	7473.84155455905
79.396525477381	7479.4315632012
79.2137356892857	7485.02994011976
79.1246233619048	7490.63670411985
79.0446393869048	7496.25187406297
78.9488101726191	7501.87546886722
78.8220994392857	7507.50750750751
78.7076270035714	7513.14800901578
78.6098090357143	7518.79699248121
78.4987837321429	7524.45447705042
78.3880041595238	7530.12048192771
78.2591128607143	7535.79502637528
78.2013807035714	7541.47812971343
78.0265352821429	7547.16981132076
77.9092842666667	7552.87009063444
77.8223667785714	7558.57898715042
77.6708255	7564.2965204236
77.5889873285714	7570.02271006813
77.4761325107143	7575.75757575758
77.3434521714286	7581.50113722517
77.2190112511905	7587.25341426404
77.131000025	7593.01442672741
77.0277516976191	7598.78419452888
76.9167550869048	7604.56273764259
76.7796912964286	7610.3500761035
76.6850402309524	7616.14623000762
76.5351794761905	7621.9512195122
76.4209998904762	7627.765064836
76.302630727381	7633.58778625954
76.1472401083333	7639.41940412529
76.1147304369048	7645.25993883792
75.9535808690476	7651.10941086458
75.8375763261905	7656.96784073507
75.7133802964286	7662.83524904215
75.5707799880953	7668.71165644172
75.4771075107143	7674.59708365311
75.3708808797619	7680.4915514593
75.2017908083334	7686.39508070715
75.1192373797619	7692.30769230769
74.9834066214286	7698.22940723634
74.8277838607143	7704.16024653313
74.7173594976191	7710.10023130301
74.6206484392857	7716.04938271605
74.4575809261905	7722.00772200772
74.4303236630953	7727.97527047914
74.257240127381	7733.9520494973
74.1420658821429	7739.93808049536
74.0474225809524	7745.93338497289
73.9000908166667	7751.93798449613
73.7682163690476	7757.95190069822
73.6358118226191	7763.97515527951
73.5210274190476	7770.00777000777
73.3978135845238	7776.04976671851
73.2316049285714	7782.10116731518
73.1370184511905	7788.16199376947
72.9983630892857	7794.23226812159
72.8620618154762	7800.3120124805
72.8073154369048	7806.4012490242
72.6325872607143	7812.5
72.4731347178571	7818.60828772479
72.413638452381	7824.72613458529
72.2236243976191	7830.85356303837
72.1102867321429	7836.99059561129
71.9975095285714	7843.13725490196
71.8904035547619	7849.29356357928
71.7290235011905	7855.45954438335
71.6419239095238	7861.63522012579
71.537069327381	7867.82061369001
71.3462959357143	7874.0157480315
71.2802607297619	7880.22064617809
71.0892534035714	7886.43533123028
71.0073840535714	7892.65982636149
70.8479133488095	7898.89415481833
70.7344749357143	7905.13833992095
70.5783188821429	7911.39240506329
70.4899453869048	7917.65637371338
70.3625581952381	7923.93026941363
70.2106238642857	7930.21411578113
70.0713678595238	7936.50793650794
69.9145705571429	7942.8117553614
69.7961357011905	7949.12559618442
69.6476924476191	7955.44948289578
69.5108339011905	7961.78343949045
69.3744255011905	7968.12749003984
69.2714530988095	7974.48165869219
69.140776625	7980.84596967279
68.9541029869048	7987.22044728435
68.8041698892857	7993.60511590728
68.6961404952381	8000
68.5837507869048	8006.40512409928
68.4396187809524	8012.82051282051
68.2846399166667	8019.24619085806
68.1416010976191	8025.68218298556
68.0447632333333	8032.12851405623
67.8838137869048	8038.58520900322
67.6890161559524	8045.05229283991
67.5925870011905	8051.52979066023
67.4412900380952	8058.017727639
67.3531127821429	8064.51612903226
67.1642239309524	8071.02502017756
67.0213478238095	8077.54442649435
66.8906816035714	8084.07437348424
66.7827644630952	8090.61488673139
66.6112508726191	8097.16599190284
66.4813356678572	8103.72771474879
66.3187632035714	8110.300081103
66.1907943535714	8116.88311688312
66.0345114857143	8123.47684809098
65.8747601535714	8130.08130081301
65.7279518380953	8136.69650122051
65.5769456392857	8143.32247557003
65.4779808380952	8149.95925020375
65.3291250035714	8156.60685154976
65.1757110904762	8163.26530612245
65.0458438416667	8169.93464052288
64.8811032654762	8176.61488143909
64.7509668761905	8183.30605564648
64.5728119345238	8190.00819000819
64.4182761416667	8196.72131147541
64.2650170345238	8203.44544708778
64.1632929059524	8210.18062397373
64.0231276154762	8216.92686935086
63.8335131095238	8223.68421052632
63.7101272785714	8230.45267489712
63.5725257511905	8237.23228995058
63.4445844892857	8244.02308326463
63.2468573642857	8250.82508250825
63.1119742738095	8257.63831544179
62.9776233702381	8264.46280991736
62.82306415	8271.29859387924
62.7036077595238	8278.14569536424
62.5572662083333	8285.00414250207
62.3933215595238	8291.87396351576
62.2412554309524	8298.75518672199
62.102317627381	8305.64784053156
61.9945037357143	8312.55195344971
61.8094543702381	8319.46755407654
61.6842426333333	8326.39467110741
61.5116556666667	8333.33333333333
61.3850242011905	8340.28356964137
61.2808700452381	8347.24540901503
61.0973975595238	8354.21888053467
60.9425772392857	8361.20401337793
60.8005560880952	8368.20083682009
60.6554195869048	8375.20938023451
60.5059928964286	8382.22967309304
60.3641564880952	8389.26174496644
60.2312706166667	8396.30562552477
60.0240097642857	8403.36134453782
59.9410157559524	8410.42893187553
59.7708654845238	8417.50841750842
59.5911214666667	8424.59983150801
59.4813269952381	8431.70320404722
59.3583637309524	8438.81856540085
59.2138033404762	8445.94594594595
59.0458890654762	8453.0853761623
58.9043714095238	8460.23688663283
58.7882140071429	8467.40050804403
58.6225622083333	8474.57627118644
58.4845609940476	8481.76420695505
58.3088520226191	8488.96434634975
58.1403057833333	8496.17672047579
58.0211645357143	8503.40136054422
57.8471061738095	8510.63829787234
57.691568375	8517.88756388416
57.5594429440476	8525.14919011083
57.4293707190476	8532.42320819113
57.1977338833333	8539.70964987191
57.1212842178572	8547.00854700855
56.898089025	8554.31993156544
56.7214488630952	8561.64383561644
56.6143126785714	8568.98029134533
56.4834671166667	8576.32933104631
56.2956858797619	8583.69098712446
56.1418530083333	8591.06529209622
55.9818506845238	8598.45227858986
55.8124661107143	8605.85197934596
55.6938210261905	8613.26442721792
55.5664356357143	8620.68965517242
55.3585812035714	8628.12769628991
55.1856734130953	8635.57858376511
55.0161588464286	8643.04235090752
54.8609456202381	8650.51903114187
54.6997124714286	8658.00865800866
54.5756747178572	8665.51126516465
54.4310059547619	8673.02688638335
54.3192691464286	8680.55555555556
54.1290255833333	8688.09730668984
54.0037773845238	8695.65217391305
53.8350171678572	8703.22019147085
53.6818157119048	8710.80139372822
53.4610354357143	8718.39581517001
53.2958594214286	8726.0034904014
53.1514427416667	8733.62445414847
52.9613861357143	8741.25874125874
52.8632279297619	8748.90638670166
52.7442180726191	8756.56742556918
52.6065033214286	8764.24189307625
52.4879657769048	8771.9298245614
52.4025926604762	8779.63125548727
52.1817390152381	8787.34622144113
52.0164090869048	8795.07475813545
51.8299635740476	8802.81690140845
51.6540831004762	8810.57268722467
51.5531556584524	8818.34215167549
51.3436689838095	8826.1253309797
51.1837112928572	8833.9222614841
51.0087747509524	8841.73297966402
50.7889120729762	8849.5575221239
50.6237164458333	8857.39592559788
50.5250257088095	8865.24822695036
50.3811666465476	8873.11446317658
50.2464705214286	8880.9946714032
50.1421141654762	8888.88888888889
50.0312088880953	8896.79715302491
49.8182195726191	8904.71950133571
49.6309177130953	8912.6559714795
49.4695432154762	8920.60660124889
49.280005625	8928.57142857143
49.1369038845238	8936.55049151028
48.9739020714286	8944.54382826476
48.817982175	8952.55147717099
48.6305873261905	8960.57347670251
48.5040699238095	8968.60986547085
48.3507948821429	8976.66068222621
48.2120994630952	8984.72596585804
48.0777074047619	8992.80575539569
47.8973958654762	9000.900090009
47.7559713404762	9009.00900900901
47.5956595428571	9017.13255184851
47.4316759511905	9025.27075812275
47.2881282464286	9033.42366757001
47.1254320071429	9041.59132007234
46.9858770619048	9049.77375565611
46.8266682964286	9057.97101449276
46.6379640535714	9066.18313689937
46.4763795892857	9074.41016333939
46.338681602381	9082.65213442325
46.21757045	9090.90909090909
46.0548063011905	9099.18107370337
45.9013595428571	9107.46812386157
45.7571628154762	9115.77028258888
45.6052688178571	9124.08759124088
45.4262260702381	9132.4200913242
45.3246390107143	9140.76782449726
45.1500628761905	9149.13083257091
44.9708815321429	9157.50915750916
44.8515780011905	9165.90284142988
44.6831943261905	9174.31192660551
44.4970133892857	9182.73645546373
44.38338205	9191.17647058824
44.2758978654762	9199.63201471941
44.1580109988095	9208.10313075507
43.9064139226191	9216.58986175115
43.7479172392857	9225.09225092251
43.6364732666667	9233.61034164359
43.4423467011905	9242.14417744917
43.3040439130952	9250.69380203516
43.1552798202381	9259.25925925926
42.972881952381	9267.8405931418
42.8751985559524	9276.43784786642
42.6670447714286	9285.05106778087
42.6138605654762	9293.68029739777
42.3765031761905	9302.32558139535
42.3136427785714	9310.98696461825
42.1124083666667	9319.66449207829
41.9798200357143	9328.35820895523
41.805625577381	9337.06816059758
41.7664192583333	9345.79439252337
41.4891781059524	9354.53695042096
41.3999180404762	9363.29588014982
41.2072663464286	9372.07122774133
41.1115868142857	9380.86303939963
40.9651745845238	9389.67136150235
40.8117979583333	9398.49624060151
40.6537105142857	9407.33772342427
40.5781074940476	9416.19585687382
40.3440403583333	9425.07068803016
40.2634238607143	9433.96226415094
40.14879565	9442.87063267233
40.0067331988095	9451.79584120983
39.84767315	9460.73793755913
39.6884912690476	9469.69696969697
39.5602159928571	9478.67298578199
39.460283425	9487.6660341556
39.33953925	9496.67616334283
39.2268530976191	9505.70342205324
39.001331402381	9514.74785918173
38.8592682630953	9523.80952380952
38.6504209666667	9532.88846520496
38.6195201857143	9541.98473282443
38.5025807226191	9551.09837631328
38.3392579178571	9560.22944550669
38.2445388154762	9569.37799043062
38.0871936642857	9578.54406130268
38.0367820892857	9587.72770853308
37.8404472369048	9596.92898272553
37.7501179535714	9606.1479346782
37.5682305142857	9615.38461538462
37.4914658357143	9624.63907603465
37.3710702142857	9633.91136801542
37.2589714059524	9643.20154291225
37.1650444845238	9652.50965250965
37.0152778345238	9661.83574879227
36.9209955559524	9671.17988394584
36.7750530119048	9680.54211035818
36.6776664714286	9689.92248062016
36.5482335607143	9699.32104752668
36.46903705	9708.73786407767
36.3929984345238	9718.17298347911
36.251726222619	9727.62645914397
36.1856745333333	9737.09834469328
36.1048139666667	9746.58869395712
35.9398003785714	9756.09756097561
35.8438662571429	9765.625
35.7697726154762	9775.17106549365
35.6567398559524	9784.73581213307
35.5918037976191	9794.31929480901
35.4369553511905	9803.92156862745
35.3717106619048	9813.5426889107
35.2990038785714	9823.18271119843
35.2513577226191	9832.84169124877
35.1535727321429	9842.51968503937
35.0386656904762	9852.21674876847
35.0012572821429	9861.93293885602
34.9253256654762	9871.66831194472
34.884422175	9881.42292490119
34.7705307047619	9891.19683481701
34.7113835452381	9900.9900990099
34.6397095428571	9910.80277502478
34.5907743714286	9920.63492063492
34.5186076761905	9930.4865938431
34.4870878154762	9940.35785288271
34.4302101952381	9950.24875621891
34.3748641369048	9960.1593625498
34.2938719107143	9970.08973080758
34.2595565583333	9980.03992015968
34.252197177381	9990.00999000999
34.1948656738095	10000
34.1481766142857	10010.01001001
34.1286151011905	10020.0400801603
34.0661507964286	10030.0902708124
34.0407786333333	10040.1606425703
34.0151536738095	10050.2512562814
34.0404191297619	10060.3621730382
34.0365873964286	10070.4934541793
34.0011313107143	10080.6451612903
34.017347552381	10090.8173562059
33.9993279809524	10101.0101010101
33.9899772071429	10111.2234580384
34.0457545595238	10121.4574898785
34.0444307452381	10131.7122593718
34.0333004738095	10141.9878296146
34.0834481678571	10152.2842639594
34.0913850642857	10162.6016260163
34.1341232119048	10172.9399796541
34.1873326345238	10183.299389002
34.2005380059524	10193.6799184506
34.2615823297619	10204.0816326531
34.31997805	10214.5045965271
34.3879366095238	10224.9488752556
34.4501368916667	10235.4145342886
34.5286421190476	10245.9016393443
34.5920729559524	10256.4102564103
34.7211139285714	10266.9404517454
34.7608001940476	10277.4922918808
34.8558814309524	10288.0658436214
34.9809638761905	10298.6611740474
35.0669844035714	10309.2783505155
35.1898993095238	10319.9174406605
35.3238129607143	10330.5785123967
35.4912039154762	10341.2616339193
35.6229898071429	10351.966873706
35.7427825583333	10362.6943005181
35.9293838392857	10373.4439834025
36.0668677083333	10384.2159916926
36.2473082690476	10395.0103950104
36.4263892642857	10405.8272632674
36.6231671892857	10416.6666666667
36.8139922797619	10427.5286757039
37.0408521976191	10438.4133611691
37.2458522345238	10449.3207941484
37.4427982690476	10460.2510460251
37.7067161	10471.2041884817
37.9843279821429	10482.180293501
38.1936933166667	10493.1794333683
38.4552348821429	10504.2016806723
38.7096809464286	10515.247108307
39.0113417333333	10526.3157894737
39.3033403190476	10537.4077976818
39.6213618940476	10548.5232067511
39.941068727381	10559.6620908131
40.2686820869048	10570.8245243129
40.6104170428572	10582.0105820106
40.991302197619	10593.2203389831
41.315323325	10604.4538706257
41.73286905	10615.7112526539
42.1256025083333	10626.9925611052
42.5171170833333	10638.2978723404
42.9567775642857	10649.6272630458
43.3781340892857	10660.9808102345
43.8084806428571	10672.3585912487
44.3091970880952	10683.7606837607
44.8230369880952	10695.1871657754
45.2860815654762	10706.6381156317
45.7810761821429	10718.1136120043
46.3069657714286	10729.6137339056
46.8194292035714	10741.1385606874
47.4156678845238	10752.688172043
47.9728722154762	10764.2626480086
48.5410698988095	10775.8620689655
49.04589275	10787.4865156419
49.7174436738095	10799.1360691145
50.3523577428572	10810.8108108108
51.0233845261905	10822.5108225108
51.7027844785714	10834.2361863489
52.414164975	10845.9869848156
53.1069914952381	10857.76330076
53.8432762714286	10869.5652173913
54.6537852464286	10881.3928182807
55.3819522738095	10893.2461873638
56.2132176869048	10905.1254089422
57.079665325	10917.0305676856
57.9365240833333	10928.9617486339
58.7912780869048	10940.9190371991
59.7240939619048	10952.9025191676
60.6689832154762	10964.9122807018
61.5598876452381	10976.9484083425
62.5897775440476	10989.010989011
63.5880877178571	11001.100110011
64.5803129642857	11013.2158590308
65.6492007535714	11025.3583241455
66.7122083226191	11037.527593819
67.7945018845238	11049.7237569061
68.950899625	11061.9469026549
70.1934483083333	11074.1971207087
71.3121682321429	11086.4745011086
72.5674983488095	11098.7791342952
73.82653615	11111.1111111111
75.0738672797619	11123.4705228031
76.4011455297619	11135.8574610245
77.8172916321429	11148.2720178372
79.1530291119048	11160.7142857143
80.5327305690476	11173.1843575419
82.0438658940476	11185.6823266219
83.5609748392857	11198.2082866741
85.0394294773809	11210.7623318386
86.6655397511905	11223.3445566779
88.2444332226191	11235.9550561798
89.8533856952381	11248.5939257593
91.5102239380953	11261.2612612613
93.2792598035714	11273.9571589628
94.995640052381	11286.6817155756
96.8084688595238	11299.4350282486
98.7084684976191	11312.2171945701
100.489295439286	11325.0283125708
102.460276267857	11337.8684807256
104.494937804762	11350.7377979569
106.405102032143	11363.6363636364
108.441103727381	11376.5642775882
110.631419757143	11389.5216400911
112.740029275	11402.5085518814
114.836021309524	11415.5251141553
117.138039090476	11428.5714285714
119.401482682143	11441.647597254
121.653006229762	11454.753722795
124.196930544048	11467.8899082569
126.728044153571	11481.0562571757
129.139988629762	11494.2528735632
131.756356875	11507.4798619102
134.48139255	11520.7373271889
137.174698871429	11534.0253748558
139.999091184524	11547.3441108545
143.016380010714	11560.6936416185
145.791557454762	11574.0740740741
148.77603097381	11587.4855156431
151.944459730952	11600.9280742459
154.992611059524	11614.4018583043
158.186033391667	11627.9069767442
161.543269655952	11641.4435389988
164.922568067857	11655.0116550117
168.214645261905	11668.6114352392
171.759358845238	11682.2429906542
175.345516092857	11695.9064327485
178.845723665476	11709.6018735363
182.778741638095	11723.3294255569
186.664139658333	11737.0892018779
190.521255521429	11750.8813160987
194.544852639286	11764.7058823529
198.751967733333	11778.5630153121
202.944982222619	11792.4528301887
207.307262966667	11806.3754427391
211.87479442381	11820.3309692671
216.225141871429	11834.3195266272
220.722651780952	11848.3412322275
225.500078905952	11862.3962040332
230.286498897619	11876.4845605701
235.336287320238	11890.6064209275
240.696113755952	11904.7619047619
246.045520265476	11918.9511323004
251.319463720238	11933.1742243437
257.070560808333	11947.43130227
262.980608540476	11961.7224880383
268.662740685714	11976.0479041916
275.034901319048	11990.4076738609
281.466631994048	12004.8019207683
287.810421686905	12019.2307692308
294.535604280952	12033.6943441637
301.345746164286	12048.1927710843
308.28370934881	12062.7261761158
315.560451542857	12077.2946859903
323.37261557381	12091.8984280532
330.924752153571	12106.5375302663
338.709874263095	12121.2121212121
347.025441521429	12135.9223300971
355.406558279762	12150.6682867558
364.045114657143	12165.4501216545
373.13694967619	12180.2679658953
382.617787914286	12195.1219512195
391.713238094048	12210.0122100122
401.626335767857	12224.9388753056
411.982829514286	12239.9020807834
421.738042522619	12254.9019607843
432.703208889286	12269.9386503067
443.581614732143	12285.0122850123
454.543838561905	12300.12300123
465.857875888095	12315.2709359606
477.727089336905	12330.4562268804
489.611642132143	12345.6790123457
501.698886704762	12360.9394313968
514.829747205952	12376.2376237624
527.469288790476	12391.5737298637
540.506698410714	12406.9478908189
553.991048801191	12422.3602484472
567.753453588095	12437.8109452736
581.568983416667	12453.300124533
596.355387403572	12468.8279301746
611.478604192857	12484.3945068664
625.730369665476	12500
654.805182801191	12515.6445556946
671.458410882143	12531.328320802
688.277965030952	12547.0514429109
705.569800683333	12562.8140703518
723.38913667619	12578.6163522013
741.173401589286	12594.4584382872
758.959262522619	12610.3404791929
777.445440935714	12626.2626262626
795.623782709524	12642.2250316056
813.976070105953	12658.2278481013
832.848825428572	12674.2712294043
851.190946776191	12690.3553299492
869.694547316667	12706.4803049555
887.773606744048	12722.6463104326
905.825737609524	12738.8535031847
923.177174159524	12755.1020408163
940.804393582143	12771.3920817369
957.586684735714	12787.7237851662
973.59947755	12804.0973111396
989.017541941667	12820.5128205128
1003.286765475	12836.9704749679
1016.70877852619	12853.470437018
1028.99342783452	12870.0128700129
1040.20325459048	12886.5979381443
1049.99440427857	12903.2258064516
1058.45569081905	12919.8966408269
1065.49918891786	12936.6106080207
1070.81405499167	12953.3678756477
1074.81051927024	12970.168612192
1076.93104522143	12987.012987013
1077.79796794762	13003.9011703511
1077.18330972619	13020.8333333333
1074.46059207738	13037.8096479791
1071.03593429762	13054.8302872063
1066.28843183333	13071.8954248366
1060.0109625619	13089.0052356021
1052.652577675	13106.1598951507
1044.13343086667	13123.3595800525
1035.17006192381	13140.6044678055
1025.47687042381	13157.8947368421
1014.56904525357	13175.2305665349
1003.43464043571	13192.6121372032
992.112082857143	13210.0396301189
980.172141664286	13227.5132275132
968.080804541667	13245.0331125828
955.310037644048	13262.599469496
942.663642139286	13280.2124833997
930.189242590476	13297.8723404255
917.459999989286	13315.5792276964
904.55398899881	13333.3333333333
892.04075932381	13351.134846462
879.504949644048	13368.9839572193
867.003197494048	13386.8808567604
854.878195810714	13404.8257372654
842.966724767857	13422.8187919463
831.474837176191	13440.8602150538
820.373855785714	13458.9502018843
810.173434401191	13477.0889487871
799.896791996429	13495.2766531714
790.319946585715	13513.5135135135
781.489894226191	13531.799729364
773.052997642857	13550.135501355
765.514188630953	13568.5210312076
758.387280285714	13586.9565217391
751.878001833333	13605.4421768708
746.238359107143	13623.9782016349
741.163156714286	13642.5648021828
736.692134190476	13661.2021857924
733.152666083333	13679.8905608755
730.25380927381	13698.6301369863
727.997407607143	13717.4211248285
726.432306702381	13736.2637362637
725.639037214286	13755.1581843191
725.370013535714	13774.1046831956
725.79056552381	13793.1034482759
726.775978071429	13812.1546961326
728.632995380952	13831.2586445367
730.954505333333	13850.4155124654
733.819577297619	13869.625520111
737.436665678571	13888.8888888889
741.387010107143	13908.2058414465
746.025881190476	13927.5766016713
751.166422630953	13947.0013947001
756.470872333333	13966.4804469274
762.549317619048	13986.013986014
769.034400607143	14005.6022408964
775.726999952381	14025.2454417952
782.730381595238	14044.9438202247
790.008423559524	14064.6976090014
797.689018642857	14084.5070422535
805.452399464286	14104.3723554302
813.306943511905	14124.2937853107
821.293744154762	14144.2715700141
829.244334083334	14164.3059490085
837.314927119048	14184.3971631206
845.248491619048	14204.5454545455
852.922093	14224.7510668563
860.344574190476	14245.0142450142
867.682988095238	14265.335235378
874.165587428572	14285.7142857143
880.235921416667	14306.1516452074
885.698846666667	14326.6475644699
890.575340476191	14347.2022955524
894.483365119048	14367.816091954
897.764086309524	14388.4892086331
900.106362619048	14409.2219020173
901.398045	14430.0144300144
901.742368214286	14450.8670520231
901.294109285715	14471.7800289436
899.767733690476	14492.7536231884
897.311720833334	14513.7880986938
893.988389404762	14534.8837209302
890.08905702381	14556.0407569141
885.273658095238	14577.2594752187
879.740892380953	14598.5401459854
873.598367619048	14619.8830409357
866.728276071429	14641.2884333821
859.343579761905	14662.7565982405
851.530262619048	14684.2878120411
843.105075357143	14705.8823529412
834.255204761905	14727.5405007364
824.792185952381	14749.2625368732
815.335803333334	14771.0487444609
805.152385357143	14792.899408284
794.710183928572	14814.8148148148
784.102188452381	14836.7952522255
773.012460357143	14858.8410104012
761.953421666667	14880.9523809524
750.243521547619	14903.129657228
738.591877976191	14925.3731343284
726.790371904762	14947.6831091181
714.574753809524	14970.0598802395
702.516238333333	14992.5037481259
689.990606190476	15015.015015015
677.223503928572	15037.5939849624
664.500608214286	15060.2409638554
651.383186904762	15082.9562594269
638.054310833333	15105.7401812689
624.479140476191	15128.5930408472
610.857705357143	15151.5151515152
596.985646428571	15174.5068285281
582.31041547619	15197.5683890578
567.462898809524	15220.700152207
552.376963095238	15243.9024390244
536.7719	15267.1755725191
520.64898452381	15290.5198776758
504.306242857143	15313.9356814701
486.950505952381	15337.4233128834
470.064083333333	15360.9831029186
451.944839285714	15384.6153846154
433.554110714285	15408.3204930663
415.084901190476	15432.0987654321
394.740275	15455.9505409583
375.081811904762	15479.8761609907
353.817144047619	15503.8759689923
332.396939285714	15527.950310559
311.225935714286	15552.099533437
287.660246428571	15576.3239875389
264.465525	15600.624024961
240.667092857143	15625
215.67515	15649.4522691706
193.165597619048	15673.9811912226
166.17775	15698.5871271586
140.761760714286	15723.2704402516
113.213063095238	15748.031496063
83.7697869047617	15772.8706624606
57.9816952380952	15797.7883096367
25.1917619047621	15822.7848101266
-4.97698809523783	15847.8605388273
-28.8018154761908	15873.0158730159
-71.7452595238096	15898.2511923688
-105.232567857143	15923.5668789809
-138.151078571429	15948.9633173844
-156.862395238095	15974.4408945687
-194.155601190476	16000
-281.317461904762	16025.641025641
-286.159628571429	16051.3643659711
-334.223111904762	16077.1704180064
-280.850273809525	16103.0595813205
-346.916630952381	16129.0322580645
-595.214821428571	16155.0888529887
-251.16659404762	16181.2297734628
-310.895557142857	16207.4554294976
-210.989089285714	16233.7662337662
69.0965428571431	16260.162601626
-183.238301190476	16286.6449511401
-48.244566666667	16313.2137030995
5099.25626547619	16339.8692810458
725.575288095238	16366.612111293
-214.124861904762	16393.4426229508
654.940945238095	16420.3612479475
184.250446428571	16447.3684210526
80.8636345238095	16474.4645799012
-349.649361904762	16501.6501650165
265.745321428571	16528.9256198347
108.429930952381	16556.2913907285
0	16583.7479270315
0	16611.2956810631
0	16638.9351081531
0	16666.6666666667
0	16694.4908180301
0	16722.4080267559
0	16750.418760469
0	16778.5234899329
4462.72691071429	16806.7226890756
0	16835.0168350168
0	16863.4064080944
0	16891.8918918919
0	16920.4737732657
1483.93256428571	16949.1525423729
0	16977.9286926995
0	17006.8027210884
0	17035.7751277683
3332.65179642857	17064.8464163823
-4783.79726428572	17094.0170940171
-4713.48081309524	17123.2876712329
3864.65674404762	17152.6586620926
-3856.81163690476	17182.1305841924
0	17211.7039586919
0	17241.3793103448
0	17271.1571675302
0	17301.0380622837
4617.66152142857	17331.0225303293
0	17361.1111111111
0	17391.3043478261
-168.284915476191	17421.6027874564
0	17452.0069808028
0	17482.5174825175
0	17513.1348511384
0	17543.8596491228
103.000232142858	17574.6924428823
1188.44849761905	17605.6338028169
-455.272197619048	17636.684303351
4572.74516428571	17667.8445229682
-327.730179761905	17699.1150442478
2829.04193452381	17730.4964539007
362.300304761905	17761.9893428064
4505.69958928571	17793.5943060498
-3428.16738809524	17825.311942959
0	17857.1428571429
4146.00372261905	17889.0876565295
317.075707142858	17921.146953405
1548.85791666667	17953.3213644524
872.824304761905	17985.6115107914
4970.17020238095	18018.018018018
5068.87776547619	18050.5415162455
385.447910714286	18083.1826401447
-29.6371321428579	18115.9420289855
353.156952380952	18148.8203266788
167.923314285714	18181.8181818182
-127.985363095238	18214.9362477231
523.910069047619	18248.1751824818
4946.72400595238	18281.5356489945
11.3033107142856	18315.0183150183
4849.20342738095	18348.623853211
560.284796428571	18382.3529411765
-395.601136904762	18416.2062615101
-127.833797619047	18450.184501845
-4481.35194285714	18484.2883548983
257.074833333333	18518.5185185185
230.285666666667	18552.8756957328
939.067772619048	18587.3605947955
220.020045238096	18621.9739292365
39.5882702380953	18656.7164179105
647.707213095238	18691.5887850467
773.089840476191	18726.5917602996
21.0449809523809	18761.7260787993
27.9250607142861	18796.992481203
4962.44487261905	18832.3917137476
56.8367190476191	18867.9245283019
-163.401308333334	18903.5916824197
573.598770238095	18939.3939393939
5046.41930238095	18975.3320683112
0	19011.4068441065
-432.36074047619	19047.619047619
4995.38523809524	19083.9694656489
5004.65858571429	19120.4588910134
-114.071369047618	19157.0881226054
764.992123809524	19193.8579654511
255.625021428572	19230.7692307692
0	19267.8227360308
1486.15553214286	19305.0193050193
4562.88769166667	19342.3597678917
5084.44706547619	19379.8449612403
1904.18390952381	19417.4757281553
201.25139404762	19455.2529182879
541.772160714286	19493.1773879142
58.1605083333328	19531.25
295.023123809524	19569.4716242661
-474.386555952381	19607.8431372549
-227.520011904761	19646.3654223969
676.315739285714	19685.0393700787
-209.68573452381	19723.865877712
1212.69282738095	19762.8458498024
669.875032142856	19801.9801980198
4804.73325357143	19841.2698412698
4503.10536785714	19880.7157057654
5027.65803095238	19920.3187250996
4915.76592142857	19960.0798403194
-2473.72899761905	20000
4943.28623690476	20040.0801603206
74.2696583333332	20080.3212851406
-422.583875	20120.7243460765
0	20161.2903225806
0	20202.0202020202
4653.60709642857	20242.9149797571
5300.1625202381	20283.9756592292
4916.16896190476	20325.2032520325
4144.47273571429	20366.5987780041
718.670232142858	20408.1632653061
448.17810952381	20449.8977505113
302.814302380953	20491.8032786885
639.858132142857	20533.8809034908
-316.303684523809	20576.1316872428
237.729435714286	20618.5567010309
1351.12773809524	20661.1570247934
5109.95558333333	20703.933747412
5313.47535952381	20746.887966805
5092.53853809524	20790.0207900208
499.737263095238	20833.3333333333
5030.71376309524	20876.8267223382
1202.58842261905	20920.5020920502
346.436386904762	20964.3605870021
236.394291666667	21008.4033613445
527.623721428571	21052.6315789474
606.94274404762	21097.0464135021
1766.57722142857	21141.6490486258
844.197046428572	21186.4406779661
760.897567857142	21231.4225053079
557.795592857143	21276.5957446809
580.162661904762	21321.9616204691
532.159351190476	21367.5213675214
476.006666666667	21413.2762312634
489.349592857143	21459.2274678112
489.126501190476	21505.376344086
425.376210714286	21551.724137931
409.316448809524	21598.2721382289
389.560063095239	21645.0216450217
357.80611547619	21691.9739696312
333.923953571428	21739.1304347826
313.425915476191	21786.4923747277
285.431316666666	21834.0611353712
280.308440476191	21881.8380743983
261.736767857143	21929.8245614035
263.09405	21978.021978022
247.799783333334	22026.4317180617
239.897058333333	22075.055187638
231.155044047619	22123.8938053097
224.253960714286	22172.9490022173
216.300714285715	22222.2222222222
210.034847619047	22271.714922049
203.540496428571	22321.4285714286
201.123101190477	22371.3646532439
196.76543452381	22421.5246636771
193.329652380952	22471.9101123596
191.246327380952	22522.5225225225
189.08381547619	22573.3634311512
188.893364285714	22624.4343891403
188.506501190476	22675.7369614513
189.271995238096	22727.2727272727
191.523630952381	22779.0432801822
193.817841666667	22831.0502283105
197.243407142857	22883.295194508
201.816644047619	22935.7798165138
207.439348809524	22988.5057471264
212.93589047619	23041.4746543779
219.727271428571	23094.688221709
227.103346428572	23148.1481481482
234.889275	23201.8561484919
243.760716666667	23255.8139534884
252.457176190476	23310.0233100233
261.714344047619	23364.4859813084
270.692082142857	23419.2037470726
279.768591666667	23474.1784037559
288.745619047619	23529.4117647059
296.727958333333	23584.9056603774
303.926211904762	23640.6619385343
310.023484523809	23696.682464455
314.288196428571	23752.9691211401
317.17660952381	23809.5238095238
316.128702380953	23866.3484486874
311.60329047619	23923.4449760766
303.031291666666	23980.8153477218
289.247858333333	24038.4615384615
269.644601190476	24096.3855421687
242.165157142858	24154.5893719807
206.043039285714	24213.0750605327
163.227320238095	24271.8446601942
104.596501190476	24330.900243309
38.3669428571429	24390.243902439
-44.8175833333331	24449.8777506112
-143.323626190476	24509.8039215686
-242.308207142857	24570.0245700246
-299.583163095238	24630.5418719212
-535.405817857143	24691.3580246914
276.675678571429	24752.4752475248
-5008.72475714286	24813.8957816377
-187.741573809523	24875.6218905473
-1524.94680238095	24937.6558603491
5004.59273690476	25000
476.942176190476	25062.656641604
67.9901666666665	25125.6281407035
-408.518882142858	25188.9168765743
457.592238095239	25252.5252525253
454.801036904762	25316.4556962025
323.280266666668	25380.7106598985
-563.820770238096	25445.2926208651
398.939563095239	25510.2040816327
222.477458333333	25575.4475703325
-85.2215869047622	25641.0256410256
-5086.97600595238	25706.940874036
37.0190261904763	25773.1958762887
565.596989285715	25839.7932816538
-311.37239404762	25906.7357512953
146.133559523809	25974.025974026
4212.60652142857	26041.6666666667
-892.028353571428	26109.6605744125
225.856758333334	26178.0104712042
194.656848809524	26246.719160105
-238.200596428571	26315.7894736842
5479.40503928572	26385.2242744063
-173.321225	26455.0264550265
1250.00476904762	26525.198938992
479.115758333334	26595.7446808511
-42.8500630952376	26666.6666666667
445.79505952381	26737.9679144385
43.6919083333341	26809.6514745308
-224.088486904762	26881.7204301075
4202.7376952381	26954.1778975741
48.6351202380952	27027.027027027
841.177078571428	27100.27100271
-139.091695238096	27173.9130434783
266.399269047619	27247.9564032698
-313.720816666667	27322.4043715847
23.1175202380949	27397.2602739726
0	27472.5274725275
-923.15049404762	27548.2093663912
-936.847641666667	27624.3093922652
179.129555952381	27700.8310249308
409.804639285714	27777.7777777778
-756.399971428571	27855.1532033426
-273.630164285715	27932.9608938548
32.4998583333336	28011.2044817927
95.0580559523806	28089.8876404494
37.9954071428572	28169.014084507
-172.372658333333	28248.5875706215
-186.870211904761	28328.611898017
-1551.73653571429	28409.0909090909
498.669488095238	28490.0284900285
-226.984138095238	28571.4285714286
0	28653.2951289398
-166.122119047619	28735.6321839081
-112.728846428571	28818.4438040346
-315.633841666667	28901.7341040462
104.421661904762	28985.5072463768
-832.606497619049	29069.7674418605
-71.6657869047621	29154.5189504373
-79.850923809524	29239.7660818713
-6.75349047619096	29325.5131964809
200.068383333334	29411.7647058824
-174.424761904762	29498.5250737463
287.572542857143	29585.7988165681
-149.348235714286	29673.590504451
365.713097619048	29761.9047619048
-13.818059523809	29850.7462686567
-282.757054761905	29940.1197604791
-347.054004761905	30030.03003003
-81.5380178571428	30120.4819277108
76.417696428571	30211.4803625378
-73.4079452380952	30303.0303030303
-321.440470238095	30395.1367781155
-223.182496428572	30487.8048780488
-200.955640476191	30581.0397553517
-160.729317857143	30674.8466257669
-91.235410714286	30769.2307692308
-57.2868761904761	30864.1975308642
262.77700952381	30959.7523219814
-103.522482142858	31055.900621118
-173.468817857143	31152.6479750779
77.1789321428571	31250
-355.215867857143	31347.9623824451
-215.674014285715	31446.5408805032
22.934164285714	31545.7413249211
-155.474458333334	31645.5696202532
-444.047791666667	31746.0317460318
-2.99782976190451	31847.1337579618
131.345363095238	31948.8817891374
-173.299653571429	32051.2820512821
94.3433666666663	32154.3408360129
130.017598809523	32258.064516129
-244.395505952381	32362.4595469256
-126.267614285714	32467.5324675325
94.3740202380956	32573.2899022801
-110.500767857143	32679.7385620915
146.228927380952	32786.8852459016
-41.7828559523812	32894.7368421053
-89.1537892857141	33003.300330033
-84.8145714285709	33112.582781457
-234.952427380952	33222.5913621263
-185.498736904761	33333.3333333333
